301 191 4
301 204 4
301 269 3
301 283 3
301 423 4
301 484 4
301 515 4
301 604 3
302 243 2
302 269 3
302 286 3
302 313 4
302 315 3
302 326 3
302 328 3
302 333 3
302 678 2
303 258 4
303 268 3
303 269 3
303 294 3
303 300 3
303 303 3
303 305 3
303 325 2
303 333 3
303 340 3
303 682 2
303 995 2
304 64 4
304 143 3
304 194 4
304 245 2
304 286 3
304 418 3
304 480 3
304 492 4
304 604 3
304 606 3
304 705 3
305 137 3
305 272 4
305 327 3
305 650 3
305 651 4
305 750 3
305 886 3
306 121 3
306 126 4
306 127 4
306 151 3
306 252 2
306 289 2
306 405 3
306 924 3
307 111 3
307 118 3
307 181 4
307 220 2
307 252 2
307 258 4
307 298 3
307 301 3
307 471 3
307 476 2
307 546 3
307 845 3
307 926 2
308 245 3
308 288 2
308 300 3
308 873 1
308 879 3
309 268 3
309 270 3
309 292 3
309 300 3
309 302 3
309 310 3
309 313 4
309 332 2
309 346 3
309 682 2
309 690 3
309 880 2
310 21 2
310 94 3
310 181 4
310 240 2
310 300 3
310 596 3
310 597 3
311 64 4
311 111 3
311 151 3
311 251 3
311 257 3
311 272 4
311 750 3
311 751 3
312 1 3
312 9 4
312 100 4
312 129 3
312 268 4
312 276 3
312 286 3
312 300 3
312 742 3
313 243 2
313 286 3
313 288 2
313 310 3
313 313 4
313 315 4
313 323 3
313 333 3
313 748 2
314 258 3
314 272 3
314 288 3
314 319 2
314 362 2
314 882 2
314 891 3
315 243 2
315 259 2
315 288 3
315 294 3
315 321 3
315 339 2
315 342 2
315 359 1
315 410 3
315 597 3
315 687 2
315 875 3
315 988 2
316 14 4
316 237 3
316 245 2
316 272 4
316 313 4
316 321 3
316 676 3
317 272 3
317 315 3
317 316 4
317 319 3
317 345 3
318 98 4
318 173 4
318 245 3
318 269 4
318 286 3
318 288 3
318 294 3
318 301 3
318 313 4
318 315 3
318 347 3
318 752 3
319 271 2
319 288 3
319 289 3
319 301 3
319 304 3
319 308 3
319 310 3
319 331 3
319 338 2
319 877 1
319 938 2
319 989 1
320 269 3
320 271 2
320 288 3
320 294 3
320 300 3
320 305 3
320 325 2
320 327 3
320 333 3
320 343 2
320 890 1
321 100 4
321 150 3
321 151 3
321 168 4
321 191 4
321 194 4
321 198 3
321 205 3
321 222 3
321 276 3
321 288 3
321 313 4
321 682 2
321 902 3
322 1 3
322 24 3
322 147 3
322 254 2
322 405 3
322 410 3
322 471 3
322 473 2
322 742 3
323 100 4
323 264 2
323 328 3
323 456 1
323 687 2
323 876 2
323 881 2
323 948 2
324 245 3
324 270 3
324 289 3
324 294 3
324 309 1
324 322 3
324 328 3
324 879 3
325 237 3
325 271 3
325 278 2
325 288 3
325 298 3
325 300 3
325 313 4
325 328 3
325 343 3
325 682 2
325 742 3
325 763 2
326 13 3
326 25 3
326 100 4
326 111 3
326 116 4
326 150 3
326 235 2
326 283 3
326 306 3
326 476 2
326 756 1
327 258 3
327 300 3
327 303 3
327 319 3
327 333 3
327 334 2
328 14 3
328 50 4
328 222 3
328 258 4
328 748 2
328 832 1
328 845 3
329 245 3
329 264 2
329 268 3
329 322 3
329 323 2
329 328 3
329 354 3
329 678 2
329 748 3
329 879 3
330 259 2
330 267 5
330 268 3
330 301 3
330 306 3
330 333 3
330 338 2
330 346 3
330 682 2
330 751 3
330 879 3
331 1 3
331 5 3
331 7 3
331 8 3
331 9 3
331 11 4
331 12 4
331 22 4
331 31 3
331 38 3
331 53 1
331 54 3
331 56 3
331 70 3
331 73 3
331 77 3
331 79 4
331 82 4
331 95 3
331 96 4
331 97 3
331 98 4
331 105 2
331 106 2
331 117 4
331 118 3
331 120 2
331 121 3
331 122 1
331 123 3
331 125 4
331 127 4
331 144 3
331 156 3
331 159 3
331 172 4
331 174 4
331 181 4
331 182 4
331 204 4
331 210 4
331 218 3
331 222 4
331 227 3
331 228 4
331 229 3
331 230 3
331 232 3
331 233 3
331 234 4
331 235 2
331 237 3
331 240 2
331 249 3
331 255 3
331 257 3
331 258 4
331 264 2
331 265 4
331 271 3
331 273 3
331 282 3
331 288 3
331 291 3
331 293 3
331 294 3
331 295 3
331 298 3
331 300 4
331 307 3
331 313 4
331 322 3
331 323 3
331 326 3
331 327 4
331 328 3
331 332 2
331 333 3
331 342 2
331 356 3
331 369 2
331 370 2
331 405 3
331 406 1
331 409 2
331 410 3
331 449 3
331 450 1
331 451 3
331 452 2
331 456 1
331 470 3
331 546 3
331 566 3
331 595 2
331 597 3
331 628 3
331 651 4
331 655 3
331 660 3
331 673 3
331 679 3
331 684 3
331 693 3
331 696 3
331 728 2
331 746 3
331 756 2
331 763 2
331 770 2
331 815 2
331 824 1
331 827 2
331 831 1
331 833 2
331 840 1
331 841 1
331 845 3
331 866 3
331 871 2
331 879 3
331 895 3
331 928 2
331 931 1
331 934 3
331 975 2
331 978 1
331 982 1
331 983 1
332 88 3
332 153 3
332 168 4
332 180 3
332 186 3
332 269 3
332 294 3
332 315 3
332 316 4
332 435 4
332 513 4
332 748 2
332 873 1
333 4 3
333 7 3
333 8 4
333 9 4
333 12 4
333 13 3
333 19 4
333 20 3
333 22 4
333 23 4
333 28 4
333 42 3
333 50 4
333 52 3
333 56 4
333 58 3
333 59 4
333 61 3
333 68 2
333 69 3
333 70 3
333 72 3
333 73 3
333 74 1
333 77 3
333 79 4
333 81 3
333 86 3
333 89 4
333 91 3
333 93 3
333 95 3
333 98 4
333 100 4
333 111 3
333 115 4
333 116 4
333 117 3
333 124 4
333 125 3
333 127 4
333 131 3
333 132 4
333 134 4
333 135 4
333 143 3
333 150 3
333 153 3
333 154 3
333 155 3
333 160 3
333 163 3
333 164 4
333 168 4
333 169 4
333 170 4
333 171 3
333 172 4
333 173 4
333 174 4
333 175 3
333 176 4
333 181 4
333 182 3
333 183 4
333 185 4
333 186 3
333 191 4
333 196 4
333 197 4
333 200 3
333 203 3
333 204 3
333 207 3
333 210 4
333 213 3
333 216 4
333 217 2
333 220 1
333 221 3
333 222 3
333 223 4
333 224 5
333 225 2
333 227 3
333 228 4
333 229 3
333 230 3
333 231 2
333 235 2
333 237 3
333 238 3
333 239 3
333 244 1
333 245 2
333 248 3
333 250 3
333 255 2
333 257 3
333 258 3
333 265 4
333 268 3
333 269 4
333 271 2
333 272 4
333 275 4
333 276 3
333 277 2
333 282 3
333 283 3
333 285 4
333 286 4
333 287 3
333 288 3
333 289 3
333 293 3
333 297 3
333 300 3
333 301 3
333 303 3
333 305 3
333 306 3
333 310 3
333 311 2
333 312 2
333 313 4
333 315 4
333 316 4
333 317 3
333 318 4
333 319 3
333 322 2
333 324 3
333 326 3
333 328 3
333 333 3
333 337 3
333 338 2
333 340 3
333 345 3
333 346 3
333 347 3
333 371 2
333 396 3
333 405 3
333 408 4
333 421 4
333 423 4
333 425 3
333 428 4
333 429 3
333 430 4
333 433 3
333 436 3
333 443 3
333 449 3
333 450 1
333 461 3
333 462 3
333 474 4
333 475 3
333 476 2
333 481 2
333 483 4
333 484 4
333 485 3
333 488 3
333 494 3
333 498 4
333 500 4
333 502 4
333 505 3
333 506 4
333 508 3
333 510 4
333 512 4
333 514 4
333 515 4
333 521 3
333 525 4
333 529 3
333 537 4
333 553 2
333 558 3
333 566 3
333 577 2
333 582 3
333 591 3
333 603 4
333 606 3
333 607 3
333 620 1
333 628 3
333 629 3
333 631 3
333 634 2
333 635 1
333 640 2
333 642 3
333 652 3
333 655 3
333 657 4
333 658 3
333 663 3
333 675 2
333 678 2
333 684 3
333 689 2
333 693 3
333 707 3
333 708 3
333 709 4
333 710 3
333 712 2
333 716 3
333 736 3
333 740 1
333 742 3
333 744 3
333 746 3
333 753 3
333 762 3
333 792 3
333 815 3
333 840 1
333 845 3
333 846 2
333 855 3
333 856 3
333 865 3
333 870 1
333 877 3
333 879 3
333 886 4
333 887 3
333 888 1
333 896 2
333 899 3
333 902 3
333 905 3
333 906 2
333 922 4
333 931 1
333 936 4
333 937 4
333 945 4
333 950 3
333 955 4
333 961 4
333 969 3
334 245 3
334 258 3
334 269 3
334 288 3
334 307 3
334 313 4
334 324 2
334 342 2
334 347 3
334 748 3
334 902 2
335 3 2
335 4 3
335 13 3
335 15 4
335 26 3
335 33 3
335 41 2
335 42 3
335 49 3
335 56 3
335 66 3
335 67 3
335 88 3
335 94 3
335 100 4
335 105 2
335 111 3
335 117 3
335 121 3
335 122 1
335 124 3
335 125 3
335 151 3
335 153 4
335 154 3
335 158 2
335 168 3
335 186 4
335 202 4
335 208 4
335 216 3
335 232 2
335 237 4
335 239 3
335 275 4
335 276 3
335 282 3
335 284 3
335 290 3
335 367 3
335 383 1
335 388 2
335 395 2
335 401 2
335 405 3
335 410 3
335 451 3
335 475 3
335 546 3
335 571 1
335 577 2
335 619 3
335 628 3
335 655 4
335 692 3
335 710 2
335 722 3
335 732 3
335 738 3
335 742 3
335 762 3
335 763 2
335 765 3
335 780 2
335 781 3
335 785 3
335 790 3
335 796 3
335 824 2
335 859 4
335 864 2
335 959 3
335 998 1
335 999 3
336 15 4
336 50 4
336 106 3
336 121 3
336 127 4
336 181 4
336 228 4
336 230 3
336 235 2
336 257 3
336 371 2
336 380 3
336 392 3
336 515 4
336 520 4
336 631 2
336 742 3
336 831 1
337 1 3
337 56 4
337 79 3
337 83 3
337 132 4
337 133 3
337 134 4
337 135 4
337 168 4
337 170 4
337 174 4
337 175 4
337 180 3
337 189 4
337 194 4
337 204 4
337 208 4
337 211 4
337 212 3
337 213 4
337 215 3
337 216 4
337 269 4
337 294 3
337 301 3
337 306 3
337 310 3
337 435 4
337 443 3
337 462 4
337 474 4
337 480 4
337 483 4
337 484 4
337 486 3
337 488 3
337 490 4
337 494 3
337 498 4
337 511 4
337 513 4
337 514 4
337 516 3
337 523 4
337 525 4
337 582 3
337 604 3
337 607 3
337 613 4
337 650 3
337 654 4
337 708 3
337 792 3
337 945 4
338 1 4
338 4 3
338 5 3
338 7 3
338 11 3
338 12 4
338 22 4
338 23 4
338 25 2
338 28 3
338 29 2
338 30 3
338 32 3
338 42 3
338 47 3
338 50 4
338 55 3
338 56 4
338 58 3
338 64 4
338 65 3
338 67 2
338 69 3
338 73 3
338 74 1
338 76 3
338 79 3
338 80 3
338 81 3
338 82 3
338 86 3
338 88 3
338 89 4
338 91 3
338 97 3
338 98 4
338 100 4
338 101 3
338 117 3
338 121 3
338 124 4
338 126 3
338 127 4
338 130 2
338 131 3
338 132 4
338 133 4
338 134 4
338 135 4
338 136 3
338 139 2
338 144 4
338 145 1
338 150 3
338 151 3
338 153 3
338 154 3
338 156 4
338 157 3
338 159 2
338 160 3
338 161 3
338 163 3
338 167 2
338 168 4
338 170 4
338 174 4
338 175 4
338 179 3
338 180 4
338 181 3
338 183 4
338 186 4
338 188 3
338 190 4
338 191 4
338 192 4
338 194 4
338 195 4
338 196 4
338 197 4
338 198 3
338 199 4
338 203 3
338 204 4
338 205 3
338 208 4
338 209 4
338 214 3
338 222 3
338 226 3
338 227 3
338 228 4
338 231 2
338 233 3
338 235 2
338 238 4
338 240 2
338 248 3
338 257 3
338 258 4
338 265 4
338 269 3
338 270 3
338 276 3
338 286 3
338 288 4
338 298 3
338 302 4
338 317 3
338 327 3
338 347 3
338 357 4
338 380 3
338 383 1
338 402 3
338 403 3
338 404 3
338 410 3
338 411 2
338 415 1
338 427 4
338 428 4
338 431 3
338 433 3
338 435 4
338 436 4
338 447 3
338 449 3
338 451 3
338 461 3
338 469 4
338 474 4
338 475 3
338 478 3
338 479 4
338 483 4
338 484 4
338 485 3
338 496 4
338 498 4
338 503 3
338 508 3
338 509 3
338 514 4
338 515 4
338 516 3
338 521 3
338 522 3
338 523 4
338 525 3
338 527 4
338 528 4
338 530 3
338 546 2
338 549 3
338 550 3
338 566 3
338 568 3
338 573 2
338 582 3
338 603 4
338 607 3
338 614 3
338 631 3
338 632 3
338 636 2
338 637 3
338 640 3
338 642 3
338 649 3
338 650 3
338 655 4
338 657 4
338 661 4
338 663 3
338 673 3
338 675 3
338 678 2
338 693 3
338 702 2
338 709 4
338 719 2
338 735 3
338 737 3
338 739 3
338 770 3
338 772 2
338 806 3
338 823 4
338 845 3
338 856 3
338 939 3
338 942 3
338 961 3
339 1 4
339 15 3
339 50 4
339 66 3
339 71 3
339 143 3
339 172 4
339 174 4
339 179 3
339 181 4
339 205 3
339 215 3
339 265 4
339 274 3
339 402 3
339 405 3
339 423 4
339 435 4
339 486 3
339 502 3
339 504 3
339 520 4
339 526 3
339 584 2
339 662 3
339 946 3
340 3 2
340 4 3
340 7 3
340 8 4
340 11 4
340 13 3
340 15 3
340 23 4
340 25 3
340 26 3
340 28 3
340 47 3
340 56 4
340 58 3
340 68 3
340 92 3
340 93 2
340 95 3
340 98 4
340 100 4
340 108 3
340 111 3
340 122 1
340 123 3
340 124 4
340 129 3
340 131 4
340 132 4
340 133 3
340 134 4
340 135 4
340 143 3
340 144 4
340 156 3
340 160 3
340 174 4
340 175 4
340 179 4
340 188 3
340 189 3
340 191 4
340 192 3
340 193 3
340 194 4
340 196 3
340 197 4
340 204 4
340 208 3
340 209 3
340 212 4
340 216 3
340 223 5
340 237 3
340 238 4
340 240 3
340 248 3
340 251 1
340 255 3
340 257 3
340 262 1
340 274 3
340 276 3
340 282 3
340 286 3
340 287 3
340 288 3
340 289 1
340 294 3
340 297 3
340 298 4
340 301 2
340 319 4
340 320 1
340 326 5
340 327 3
340 367 3
340 378 4
340 381 4
340 382 3
340 408 4
340 412 1
340 421 4
340 423 4
340 427 4
340 433 3
340 461 3
340 483 4
340 487 4
340 496 3
340 499 3
340 508 4
340 517 3
340 518 3
340 523 4
340 531 4
340 535 3
340 544 3
340 547 1
340 558 3
340 574 2
340 581 3
340 584 2
340 591 2
340 606 4
340 607 4
340 654 4
340 655 4
340 656 4
340 657 4
340 663 3
340 692 3
340 699 4
340 723 2
340 724 4
340 727 3
340 732 4
340 746 4
340 756 2
340 762 3
340 764 1
340 772 1
340 789 4
340 792 3
340 813 3
340 818 1
340 844 2
340 846 2
340 866 3
340 873 1
340 875 2
340 928 2
340 950 2
340 965 4
340 975 2
341 1 4
341 4 3
341 7 3
341 8 4
341 9 4
341 10 3
341 11 3
341 12 4
341 20 3
341 23 4
341 25 2
341 26 3
341 28 3
341 38 2
341 42 3
341 44 3
341 47 3
341 48 3
341 50 4
341 52 3
341 53 2
341 55 3
341 56 4
341 57 4
341 58 3
341 62 3
341 63 2
341 65 3
341 66 3
341 67 2
341 68 2
341 69 3
341 76 3
341 77 3
341 79 3
341 81 3
341 82 3
341 83 3
341 86 3
341 87 3
341 90 2
341 97 3
341 98 4
341 100 4
341 117 3
341 118 3
341 121 3
341 124 4
341 127 4
341 132 4
341 134 4
341 135 4
341 137 4
341 143 3
341 144 3
341 147 3
341 152 3
341 153 4
341 155 2
341 156 3
341 159 2
341 163 3
341 164 3
341 168 4
341 169 4
341 174 4
341 176 4
341 177 3
341 179 4
341 180 3
341 186 3
341 187 4
341 188 3
341 189 3
341 193 3
341 194 4
341 196 4
341 197 4
341 199 3
341 200 3
341 208 4
341 211 4
341 214 3
341 223 4
341 228 4
341 229 2
341 231 2
341 234 3
341 235 2
341 236 2
341 237 3
341 241 3
341 250 3
341 257 3
341 265 3
341 269 3
341 275 4
341 276 3
341 277 3
341 283 3
341 288 4
341 297 4
341 302 3
341 303 3
341 306 2
341 318 4
341 324 2
341 333 2
341 334 2
341 357 4
341 358 2
341 371 2
341 375 1
341 382 3
341 385 3
341 405 2
341 408 4
341 410 3
341 423 4
341 427 4
341 429 3
341 435 4
341 449 2
341 461 3
341 462 3
341 463 3
341 471 3
341 473 3
341 474 4
341 475 3
341 476 2
341 483 4
341 498 4
341 499 4
341 508 3
341 510 4
341 515 4
341 521 3
341 523 4
341 527 3
341 528 4
341 530 3
341 536 2
341 546 2
341 555 4
341 559 2
341 561 2
341 568 3
341 569 2
341 581 3
341 582 3
341 606 4
341 614 3
341 631 3
341 642 3
341 654 4
341 655 4
341 657 4
341 660 3
341 684 3
341 702 2
341 703 3
341 708 3
341 712 3
341 724 3
341 727 3
341 729 3
341 739 3
341 744 3
341 747 3
341 778 3
341 786 2
341 792 3
341 823 3
341 919 3
341 921 4
341 930 2
341 931 1
341 943 3
341 950 2
341 951 3
341 961 4
341 980 2
342 1 3
342 4 3
342 5 2
342 8 4
342 9 4
342 11 3
342 12 4
342 13 3
342 14 3
342 22 3
342 25 3
342 26 3
342 39 2
342 45 3
342 58 3
342 70 3
342 71 3
342 73 3
342 79 3
342 86 4
342 87 4
342 88 3
342 89 4
342 95 3
342 96 3
342 97 3
342 98 4
342 111 3
342 118 2
342 119 3
342 121 3
342 122 1
342 124 4
342 125 3
342 127 4
342 129 3
342 132 4
342 137 3
342 151 3
342 169 4
342 172 4
342 174 4
342 176 3
342 181 4
342 183 4
342 190 3
342 191 4
342 195 4
342 196 3
342 198 3
342 202 3
342 203 3
342 204 3
342 208 3
342 210 3
342 216 4
342 222 3
342 228 4
342 235 2
342 237 3
342 244 3
342 245 3
342 246 4
342 248 3
342 251 3
342 255 3
342 268 4
342 269 3
342 272 3
342 273 3
342 275 4
342 276 3
342 278 1
342 280 3
342 281 3
342 283 3
342 284 3
342 285 4
342 286 3
342 288 3
342 291 3
342 295 3
342 297 2
342 298 3
342 301 3
342 303 3
342 304 3
342 311 3
342 313 4
342 315 2
342 316 4
342 322 2
342 357 4
342 367 3
342 385 3
342 405 3
342 421 4
342 433 3
342 451 3
342 459 3
342 462 3
342 471 3
342 472 2
342 476 2
342 477 2
342 478 3
342 479 4
342 486 3
342 487 3
342 494 3
342 508 3
342 509 4
342 511 4
342 516 3
342 535 3
342 537 3
342 559 2
342 562 3
342 568 3
342 597 2
342 619 3
342 647 4
342 660 3
342 663 3
342 678 2
342 684 3
342 694 4
342 696 2
342 707 3
342 708 3
342 709 4
342 713 3
342 716 2
342 742 3
342 751 3
342 764 2
342 815 2
342 844 3
342 845 3
342 864 2
342 926 1
342 928 2
342 955 4
342 972 3
343 1 3
343 4 3
343 5 2
343 9 4
343 11 3
343 15 4
343 25 3
343 26 3
343 28 3
343 33 3
343 43 2
343 44 3
343 48 4
343 49 3
343 50 4
343 51 3
343 56 4
343 64 4
343 65 3
343 66 3
343 69 3
343 71 3
343 77 3
343 79 3
343 81 3
343 87 4
343 88 3
343 93 3
343 98 4
343 100 4
343 111 3
343 117 3
343 118 3
343 124 4
343 125 3
343 126 3
343 131 3
343 132 4
343 137 3
343 143 3
343 148 3
343 151 3
343 170 4
343 172 4
343 173 4
343 174 4
343 191 4
343 196 4
343 197 4
343 202 3
343 204 3
343 216 4
343 220 2
343 221 2
343 223 4
343 226 3
343 235 2
343 237 3
343 239 3
343 241 3
343 245 3
343 246 4
343 251 3
343 255 3
343 262 3
343 268 3
343 269 4
343 272 4
343 278 2
343 280 3
343 282 3
343 283 3
343 284 3
343 285 4
343 287 3
343 288 3
343 289 2
343 291 3
343 293 3
343 294 2
343 295 3
343 297 3
343 298 3
343 300 3
343 301 3
343 302 4
343 303 3
343 305 2
343 311 3
343 312 2
343 313 4
343 315 3
343 317 3
343 323 2
343 332 3
343 333 3
343 356 3
343 365 2
343 367 3
343 378 3
343 381 3
343 382 3
343 387 3
343 402 3
343 403 3
343 405 3
343 416 2
343 433 4
343 443 3
343 451 3
343 461 3
343 464 4
343 471 3
343 473 3
343 476 2
343 479 4
343 481 3
343 485 3
343 498 4
343 508 3
343 518 3
343 534 3
343 535 3
343 550 3
343 559 2
343 566 3
343 568 3
343 582 3
343 588 3
343 620 2
343 639 3
343 651 4
343 655 3
343 660 3
343 676 3
343 696 3
343 702 3
343 708 3
343 709 4
343 715 3
343 716 3
343 722 3
343 732 3
343 736 3
343 737 2
343 738 2
343 739 3
343 742 3
343 744 3
343 747 3
343 748 2
343 772 2
343 781 3
343 845 3
343 846 3
343 866 3
343 879 3
343 886 3
343 903 3
343 919 3
343 949 3
343 955 4
343 956 3
343 972 3
343 988 1
344 2 3
344 3 2
344 4 3
344 7 3
344 11 4
344 12 4
344 17 3
344 22 4
344 29 2
344 31 3
344 33 3
344 38 3
344 53 2
344 54 3
344 55 3
344 56 4
344 62 3
344 64 4
344 67 2
344 72 3
344 76 3
344 77 3
344 83 3
344 91 3
344 92 3
344 94 3
344 97 3
344 98 4
344 100 4
344 117 3
344 120 1
344 121 3
344 127 4
344 128 2
344 132 4
344 133 3
344 134 3
344 141 3
344 143 3
344 144 4
344 147 3
344 153 4
344 156 3
344 157 3
344 158 2
344 161 3
344 167 2
344 168 4
344 172 4
344 173 4
344 174 4
344 176 4
344 181 4
344 183 4
344 184 3
344 186 3
344 187 4
344 188 3
344 203 3
344 204 4
344 210 4
344 211 3
344 213 3
344 215 4
344 216 3
344 218 3
344 219 2
344 232 3
344 234 4
344 237 3
344 241 3
344 245 3
344 250 3
344 259 2
344 265 4
344 273 3
344 276 3
344 288 3
344 291 2
344 293 3
344 294 3
344 300 3
344 302 4
344 318 4
344 322 3
344 325 2
344 333 3
344 358 2
344 363 2
344 366 3
344 369 1
344 375 1
344 385 3
344 391 2
344 392 3
344 403 3
344 405 3
344 415 1
344 423 4
344 431 3
344 455 3
344 470 3
344 496 3
344 518 3
344 520 4
344 541 2
344 546 3
344 549 3
344 561 1
344 569 2
344 571 1
344 572 3
344 576 2
344 578 3
344 582 3
344 616 3
344 636 2
344 642 3
344 657 4
344 669 1
344 673 3
344 684 3
344 685 3
344 708 3
344 712 3
344 727 3
344 732 3
344 739 3
344 743 1
344 746 3
344 748 3
344 780 2
344 785 2
344 802 3
344 809 3
344 831 2
344 842 2
344 879 3
344 932 1
344 944 2
344 951 3
344 959 4
344 977 2
345 1 4
345 7 3
345 12 4
345 15 3
345 17 2
345 22 4
345 24 3
345 25 3
345 28 3
345 31 3
345 50 4
345 55 3
345 56 4
345 68 3
345 70 3
345 73 3
345 76 3
345 77 3
345 79 4
345 82 3
345 85 3
345 87 4
345 91 3
345 96 4
345 97 3
345 99 3
345 100 4
345 117 3
345 118 3
345 125 3
345 127 4
345 132 3
345 137 4
345 144 3
345 151 3
345 156 4
345 157 3
345 158 2
345 159 3
345 163 3
345 164 3
345 168 4
345 172 4
345 173 4
345 174 4
345 176 4
345 177 3
345 181 4
345 182 3
345 183 4
345 187 4
345 188 3
345 192 3
345 195 4
345 200 3
345 203 3
345 204 3
345 208 4
345 215 3
345 222 3
345 226 3
345 227 3
345 233 3
345 235 2
345 239 3
345 240 2
345 245 3
345 246 4
345 252 3
345 257 3
345 258 4
345 268 3
345 271 2
345 273 3
345 276 3
345 280 3
345 286 3
345 288 3
345 290 3
345 293 3
345 294 3
345 298 3
345 300 3
345 317 3
345 318 4
345 323 2
345 324 3
345 328 3
345 333 3
345 356 3
345 369 2
345 371 3
345 385 3
345 386 2
345 392 3
345 403 3
345 404 3
345 405 3
345 410 3
345 416 3
345 423 4
345 432 3
345 435 4
345 460 1
345 462 3
345 465 3
345 468 3
345 470 3
345 472 2
345 475 3
345 501 3
345 508 3
345 544 3
345 550 3
345 568 3
345 588 4
345 595 2
345 597 3
345 609 3
345 655 4
345 660 4
345 685 3
345 686 3
345 689 3
345 692 3
345 699 3
345 721 2
345 735 3
345 742 3
345 756 2
345 763 2
345 806 3
345 819 1
345 820 1
345 827 2
345 829 2
345 831 2
345 841 2
345 871 2
345 879 3
345 928 2
345 930 2
345 943 3
345 959 3
345 977 2
345 982 1
346 1 3
346 7 3
346 15 4
346 25 4
346 100 4
346 107 3
346 111 3
346 118 3
346 121 3
346 126 3
346 147 3
346 225 3
346 240 2
346 276 3
346 288 3
346 294 3
346 323 3
346 368 2
346 370 2
346 409 3
346 411 2
346 412 2
346 472 3
346 473 2
346 476 2
346 546 3
346 628 3
346 742 3
346 819 2
346 831 1
346 834 1
346 924 3
346 926 2
346 928 2
346 974 2
346 975 2
346 988 2
347 9 4
347 10 2
347 118 3
347 121 3
347 125 3
347 126 3
347 237 3
347 325 2
347 370 2
347 412 2
347 455 2
347 458 2
347 471 3
347 475 3
347 596 2
347 744 3
347 847 2
348 1 3
348 23 4
348 89 4
348 98 4
348 132 4
348 133 3
348 136 3
348 168 4
348 172 4
348 176 4
348 183 4
348 193 3
348 195 4
348 204 4
348 210 4
348 214 3
348 228 4
348 265 4
348 271 2
348 324 3
348 340 3
348 435 4
348 479 4
348 480 4
348 483 4
348 489 4
348 530 3
348 589 3
348 604 3
348 616 3
348 654 4
348 657 4
349 288 2
349 289 3
349 292 3
349 300 3
349 301 3
349 310 3
349 312 3
349 313 4
349 326 3
349 327 3
349 332 2
349 341 1
349 343 3
349 359 1
349 538 3
349 748 2
349 750 3
349 754 3
349 873 1
349 879 3
349 880 2
349 882 1
349 888 2
349 984 3
349 989 1
349 990 3
350 4 3
350 7 4
350 12 4
350 17 2
350 39 3
350 55 3
350 56 4
350 79 4
350 86 3
350 89 4
350 92 3
350 96 4
350 98 4
350 129 3
350 144 4
350 156 3
350 173 4
350 182 4
350 194 4
350 195 4
350 216 3
350 228 4
350 234 4
350 302 4
350 385 3
350 568 3
350 657 4
350 692 3
351 245 3
351 260 2
351 271 2
351 272 4
351 300 3
351 315 3
351 326 3
351 327 3
351 328 3
351 332 2
351 333 3
351 343 2
351 905 3
352 7 3
352 9 4
352 14 4
352 19 3
352 20 3
352 25 3
352 32 4
352 42 3
352 47 3
352 50 4
352 52 4
352 57 4
352 58 3
352 59 4
352 60 3
352 61 3
352 66 3
352 70 3
352 79 4
352 81 3
352 83 4
352 86 4
352 87 4
352 88 3
352 93 3
352 100 4
352 109 3
352 116 3
352 124 4
352 131 4
352 133 3
352 134 4
352 135 4
352 136 4
352 137 4
352 143 3
352 149 2
352 151 3
352 152 3
352 153 4
352 154 3
352 155 3
352 162 3
352 166 3
352 168 4
352 169 4
352 171 3
352 173 4
352 174 4
352 175 4
352 180 4
352 186 3
352 189 4
352 190 4
352 191 4
352 193 3
352 197 4
352 199 3
352 202 3
352 208 4
352 209 4
352 211 4
352 213 4
352 216 4
352 238 4
352 242 4
352 246 4
352 248 3
352 251 3
352 255 1
352 257 3
352 258 3
352 268 4
352 269 4
352 270 2
352 272 4
352 275 4
352 276 4
352 281 2
352 286 4
352 287 3
352 297 3
352 303 3
352 305 2
352 306 3
352 308 3
352 311 3
352 313 4
352 318 4
352 344 3
352 381 3
352 382 3
352 387 3
352 414 3
352 421 4
352 423 4
352 428 4
352 429 4
352 435 4
352 462 3
352 463 3
352 464 4
352 473 3
352 478 4
352 479 4
352 480 4
352 483 4
352 485 4
352 487 3
352 489 4
352 494 3
352 496 4
352 497 3
352 498 4
352 507 4
352 508 3
352 509 4
352 511 4
352 513 4
352 515 4
352 516 3
352 518 3
352 520 4
352 529 3
352 531 4
352 533 2
352 558 4
352 582 3
352 584 3
352 603 4
352 604 3
352 605 3
352 606 4
352 607 3
352 629 3
352 631 3
352 638 4
352 650 3
352 651 4
352 652 3
352 657 4
352 659 3
352 660 3
352 661 4
352 692 3
352 694 5
352 699 3
352 702 2
352 705 3
352 707 3
352 709 4
352 716 3
352 732 3
352 733 3
352 735 3
352 736 3
352 737 3
352 740 5
352 753 3
352 792 3
352 811 3
352 847 4
352 855 3
352 863 3
352 865 3
352 882 2
352 889 1
352 900 3
352 904 1
352 929 3
352 953 2
352 956 3
352 958 2
352 962 1
353 242 4
353 264 2
353 288 3
353 300 3
353 328 3
353 329 4
353 360 1
353 681 1
353 882 3
354 272 4
354 292 3
354 313 4
354 316 4
354 326 3
354 328 3
354 333 3
354 689 2
354 748 3
355 1 3
355 7 3
355 10 2
355 24 3
355 105 2
355 117 4
355 118 3
355 123 2
355 125 3
355 126 3
355 147 3
355 150 3
355 151 3
355 220 2
355 222 3
355 245 3
355 258 4
355 270 3
355 273 4
355 274 3
355 275 4
355 280 3
355 284 3
355 291 2
355 322 2
355 326 3
355 334 1
355 405 3
355 407 2
355 411 3
355 455 2
355 456 1
355 471 3
355 472 3
355 473 2
355 476 2
355 546 3
355 595 3
355 687 2
355 713 3
355 742 3
355 744 3
355 760 1
355 819 2
355 820 2
355 831 1
355 833 2
355 866 3
355 932 2
355 977 2
355 984 2
356 8 3
356 65 1
356 127 3
356 132 5
356 174 4
356 179 2
356 213 5
356 268 4
356 318 3
356 324 2
356 357 1
356 511 5
356 582 5
356 584 4
356 638 5
356 639 4
356 643 2
356 855 4
356 896 4
357 7 3
357 117 3
357 118 3
357 181 4
357 250 3
357 268 4
357 270 3
357 298 3
357 313 4
357 323 2
357 405 3
357 472 3
357 748 2
357 751 3
357 831 2
358 1 3
358 10 3
358 13 3
358 14 4
358 25 3
358 28 4
358 45 3
358 50 4
358 64 4
358 79 4
358 100 4
358 116 4
358 124 4
358 127 4
358 134 4
358 157 3
358 165 4
358 166 3
358 170 4
358 174 4
358 181 4
358 187 4
358 191 4
358 194 3
358 195 4
358 197 4
358 205 3
358 207 3
358 210 4
358 222 3
358 237 3
358 238 4
358 242 4
358 251 3
358 269 3
358 271 2
358 275 4
358 283 3
358 284 3
358 286 3
358 297 3
358 302 3
358 304 3
358 306 3
358 308 3
358 309 2
358 321 3
358 326 2
358 328 3
358 357 4
358 423 4
358 479 4
358 483 4
358 496 4
358 511 4
358 521 3
358 523 4
358 531 4
358 582 3
358 588 3
358 654 4
358 661 4
358 735 4
358 744 3
358 748 2
358 845 3
358 933 1
358 936 1
358 963 4
359 12 4
359 14 4
359 23 3
359 26 3
359 49 3
359 53 2
359 55 4
359 56 4
359 59 4
359 60 3
359 66 3
359 70 3
359 79 3
359 83 4
359 88 4
359 90 2
359 97 3
359 98 4
359 100 4
359 111 3
359 129 3
359 148 1
359 150 3
359 156 3
359 165 4
359 166 3
359 168 4
359 170 4
359 173 4
359 176 4
359 178 4
359 183 4
359 185 4
359 186 4
359 190 4
359 197 4
359 203 3
359 204 4
359 207 4
359 212 2
359 213 4
359 218 3
359 222 3
359 228 3
359 234 3
359 237 3
359 238 3
359 258 4
359 269 4
359 273 3
359 274 3
359 276 3
359 286 4
359 333 4
359 340 3
359 387 3
359 421 4
359 430 3
359 435 4
359 451 3
359 466 5
359 475 3
359 498 4
359 502 4
359 504 4
359 514 4
359 517 3
359 524 4
359 525 4
359 531 4
359 639 4
359 652 3
359 654 4
359 655 4
359 657 4
359 659 3
359 673 4
359 684 3
359 694 4
359 707 3
359 709 3
359 727 3
359 737 2
359 739 3
359 742 3
359 762 3
359 770 3
359 794 3
359 934 1
359 949 2
360 245 3
360 268 3
360 302 3
360 312 3
360 313 4
360 323 2
360 333 3
360 336 3
360 689 3
361 1 3
361 2 4
361 4 1
361 5 3
361 7 4
361 9 4
361 11 3
361 22 1
361 29 1
361 32 3
361 37 1
361 38 3
361 44 4
361 47 4
361 50 4
361 54 3
361 55 3
361 56 3
361 58 5
361 62 1
361 65 3
361 66 3
361 67 1
361 68 1
361 69 3
361 70 2
361 71 2
361 72 1
361 73 3
361 79 4
361 81 4
361 82 3
361 87 1
361 88 2
361 89 4
361 90 1
361 91 2
361 93 3
361 95 3
361 96 3
361 97 4
361 98 4
361 101 3
361 102 1
361 114 5
361 117 3
361 120 3
361 121 3
361 128 3
361 134 4
361 137 5
361 143 3
361 144 2
361 145 1
361 151 3
361 152 3
361 154 4
361 155 5
361 156 3
361 159 3
361 161 2
361 164 3
361 169 5
361 172 4
361 173 4
361 174 4
361 179 2
361 182 3
361 183 2
361 184 3
361 185 4
361 186 3
361 187 3
361 188 3
361 189 3
361 193 3
361 195 5
361 196 4
361 200 3
361 201 4
361 204 3
361 206 3
361 208 3
361 210 4
361 212 3
361 215 4
361 216 2
361 218 2
361 222 3
361 226 3
361 227 2
361 228 4
361 229 2
361 231 2
361 234 4
361 235 2
361 237 3
361 248 3
361 250 3
361 258 3
361 265 4
361 270 3
361 271 2
361 282 3
361 283 2
361 284 5
361 288 3
361 290 1
361 293 2
361 307 2
361 315 1
361 316 3
361 317 1
361 322 3
361 325 2
361 328 3
361 336 1
361 346 2
361 347 1
361 350 4
361 351 5
361 366 1
361 370 2
361 380 4
361 387 4
361 391 1
361 393 4
361 402 3
361 403 4
361 405 3
361 408 3
361 417 3
361 423 4
361 426 4
361 428 5
361 431 2
361 433 4
361 435 4
361 443 4
361 444 3
361 448 2
361 449 2
361 451 5
361 461 3
361 469 1
361 472 2
361 473 3
361 474 5
361 505 3
361 506 3
361 511 4
361 518 1
361 523 3
361 531 5
361 546 2
361 550 1
361 552 4
361 554 2
361 555 4
361 557 3
361 559 3
361 561 2
361 566 3
361 568 3
361 569 2
361 571 5
361 572 5
361 575 3
361 578 1
361 588 3
361 590 1
361 597 2
361 603 5
361 616 3
361 625 3
361 631 1
361 640 3
361 650 2
361 651 4
361 653 4
361 657 4
361 658 3
361 660 3
361 665 2
361 673 2
361 675 4
361 678 3
361 679 1
361 682 3
361 685 2
361 691 3
361 698 5
361 699 2
361 707 1
361 709 4
361 710 2
361 719 2
361 735 5
361 741 3
361 742 3
361 746 3
361 747 2
361 752 1
361 760 1
361 761 3
361 767 1
361 774 2
361 778 5
361 792 1
361 802 4
361 805 3
361 809 1
361 816 2
361 825 2
361 831 1
361 849 1
361 854 5
361 859 3
361 895 4
361 906 3
361 919 3
361 933 1
361 940 2
361 946 1
361 959 3
361 979 2
362 289 3
362 302 3
362 321 3
362 875 3
362 948 2
362 988 1
363 1 3
363 7 3
363 15 4
363 25 4
363 100 4
363 109 2
363 124 3
363 125 3
363 137 3
363 150 3
363 222 3
363 235 2
363 258 3
363 268 3
363 271 2
363 272 4
363 275 3
363 276 4
363 277 2
363 287 3
363 288 2
363 289 3
363 294 2
363 301 3
363 309 1
363 315 3
363 316 4
363 321 3
363 340 3
363 352 3
363 473 3
363 591 3
363 742 3
363 762 3
363 813 3
363 894 3
363 895 2
363 908 1
364 53 3
364 56 4
364 98 4
364 184 3
364 200 3
364 201 4
364 217 2
364 219 3
364 234 4
364 443 4
364 445 3
364 559 2
364 573 3
364 671 4
364 672 2
364 853 4
364 860 1
365 7 4
365 17 2
365 50 3
365 53 2
365 98 4
365 100 4
365 145 1
365 164 3
365 176 4
365 183 4
365 184 3
365 200 3
365 201 3
365 218 3
365 234 4
365 250 3
365 258 4
365 288 3
365 302 3
365 324 4
365 326 1
365 333 4
365 334 3
365 379 2
365 406 1
365 413 2
365 436 3
365 443 3
365 448 3
365 452 2
365 551 2
365 563 2
365 564 2
365 665 3
365 670 3
365 672 2
365 760 2
365 769 1
365 774 2
365 800 2
365 919 5
366 11 4
366 17 2
366 56 4
366 89 4
366 96 4
366 98 4
366 100 4
366 127 4
366 183 4
366 184 3
366 201 3
366 217 2
366 218 3
366 219 3
366 234 4
366 292 3
366 313 4
366 320 4
366 379 2
366 396 2
366 567 1
366 672 2
366 774 2
366 777 3
367 50 3
367 114 4
367 168 5
367 172 5
367 181 2
367 271 2
367 316 4
367 358 2
367 751 3
367 988 2
368 12 4
368 22 4
368 31 3
368 50 4
368 52 3
368 64 4
368 98 4
368 100 4
368 107 2
368 114 4
368 116 3
368 135 4
368 136 4
368 153 3
368 172 4
368 174 4
368 175 4
368 176 4
368 181 4
368 193 3
368 195 4
368 199 4
368 209 4
368 210 4
368 238 4
368 257 4
368 265 4
368 269 3
368 285 4
368 322 3
368 423 4
368 425 3
368 433 3
368 435 4
368 443 3
368 480 4
368 484 4
368 493 4
368 494 3
368 497 3
368 514 4
368 525 4
368 603 4
368 604 3
368 607 3
368 608 4
368 613 4
368 631 3
368 657 3
368 659 3
368 661 4
368 678 2
368 705 4
368 923 4
369 1 3
369 22 4
369 55 3
369 64 4
369 69 3
369 77 3
369 79 4
369 97 3
369 98 4
369 174 4
369 177 3
369 179 3
369 180 3
369 181 4
369 185 4
369 186 4
369 194 4
369 197 4
369 210 4
369 234 4
369 265 3
369 357 4
369 393 3
369 423 4
369 435 4
369 443 3
369 449 3
369 452 2
369 504 3
369 527 4
369 655 4
369 663 3
369 746 3
370 5 3
370 23 4
370 44 4
370 56 4
370 79 4
370 129 3
370 159 3
370 164 3
370 176 3
370 183 4
370 185 4
370 200 3
370 201 3
370 218 3
370 262 3
370 286 3
370 288 3
370 299 2
370 325 2
370 327 3
370 333 3
370 436 4
370 441 2
370 443 3
370 447 4
370 448 3
370 452 2
370 547 2
370 559 2
370 561 1
370 574 3
370 581 3
370 595 2
370 628 3
370 635 3
370 637 3
370 672 2
370 674 2
370 678 2
370 696 2
370 874 3
370 875 3
371 2 3
371 4 3
371 12 4
371 15 3
371 20 5
371 22 4
371 24 3
371 25 3
371 31 3
371 48 3
371 50 4
371 58 3
371 64 4
371 66 3
371 68 3
371 70 3
371 80 2
371 81 3
371 82 3
371 83 3
371 89 4
371 90 2
371 94 3
371 95 3
371 96 4
371 97 3
371 99 3
371 100 4
371 102 2
371 105 2
371 110 2
371 114 4
371 117 3
371 127 3
371 132 4
371 136 4
371 139 2
371 142 2
371 143 3
371 144 3
371 150 3
371 151 3
371 154 3
371 155 3
371 156 3
371 161 3
371 162 3
371 163 3
371 165 4
371 166 3
371 169 4
371 172 4
371 173 4
371 175 4
371 177 3
371 179 3
371 180 3
371 181 3
371 184 3
371 189 4
371 194 4
371 195 4
371 196 4
371 197 4
371 202 3
371 204 4
371 206 3
371 208 4
371 209 4
371 210 4
371 211 3
371 213 3
371 214 3
371 215 3
371 217 2
371 225 2
371 226 3
371 228 4
371 230 3
371 232 3
371 239 3
371 241 3
371 259 2
371 269 3
371 275 4
371 278 4
371 281 2
371 286 4
371 290 3
371 318 4
371 357 4
371 366 3
371 378 3
371 380 3
371 382 3
371 385 3
371 386 2
371 389 3
371 390 5
371 392 3
371 393 3
371 399 3
371 401 2
371 402 3
371 403 3
371 404 3
371 409 2
371 414 3
371 417 2
371 418 3
371 420 3
371 421 4
371 423 4
371 427 4
371 431 3
371 433 3
371 435 4
371 451 3
371 472 2
371 474 4
371 480 3
371 485 4
371 487 3
371 488 3
371 494 3
371 496 4
371 497 3
371 499 4
371 506 3
371 510 4
371 520 3
371 527 3
371 550 3
371 553 3
371 559 2
371 566 3
371 568 3
371 571 3
371 577 2
371 588 4
371 596 3
371 598 1
371 603 3
371 627 3
371 633 3
371 645 3
371 648 4
371 649 3
371 651 4
371 655 4
371 658 3
371 660 3
371 679 3
371 694 4
371 699 3
371 704 3
371 705 3
371 709 3
371 715 3
371 724 4
371 727 3
371 729 3
371 732 3
371 746 3
371 747 3
371 748 2
371 756 2
371 778 3
371 828 2
371 842 2
371 843 4
371 849 2
371 941 2
371 946 2
371 949 3
372 1 3
372 2 3
372 5 3
372 7 3
372 9 4
372 11 3
372 15 4
372 17 2
372 23 4
372 24 3
372 28 3
372 29 2
372 39 2
372 48 4
372 50 4
372 56 4
372 64 4
372 66 3
372 68 2
372 69 3
372 70 3
372 71 3
372 77 3
372 89 4
372 95 3
372 97 3
372 98 4
372 100 4
372 106 2
372 111 3
372 116 3
372 118 3
372 120 1
372 121 3
372 122 1
372 123 3
372 124 4
372 125 3
372 126 5
372 127 4
372 129 3
372 135 4
372 143 3
372 144 3
372 147 3
372 148 3
372 150 4
372 151 3
372 156 3
372 159 3
372 161 3
372 162 3
372 168 4
372 172 4
372 173 4
372 174 4
372 176 4
372 185 4
372 186 3
372 192 3
372 195 4
372 197 4
372 200 3
372 202 3
372 204 4
372 210 4
372 216 3
372 218 3
372 222 3
372 223 4
372 225 2
372 226 3
372 228 4
372 229 3
372 230 3
372 231 2
372 233 3
372 234 4
372 235 2
372 237 3
372 240 2
372 247 1
372 248 3
372 252 4
372 254 2
372 257 3
372 265 4
372 279 4
372 280 2
372 282 4
372 284 2
372 289 2
372 291 3
372 310 3
372 322 3
372 323 3
372 356 3
372 363 3
372 369 2
372 385 3
372 393 3
372 403 3
372 405 3
372 412 3
372 423 4
372 424 5
372 427 4
372 449 3
372 450 1
372 454 2
372 458 2
372 463 3
372 465 2
372 466 3
372 467 4
372 468 3
372 475 3
372 476 2
372 483 4
372 521 3
372 527 3
372 540 1
372 544 1
372 550 3
372 552 3
372 554 2
372 558 2
372 566 3
372 568 3
372 572 3
372 576 2
372 581 3
372 591 4
372 619 3
372 620 3
372 628 3
372 637 2
372 642 3
372 651 4
372 665 3
372 685 3
372 692 3
372 696 2
372 717 2
372 741 3
372 742 3
372 743 1
372 756 2
372 758 1
372 761 2
372 762 3
372 763 3
372 770 3
372 789 4
372 815 2
372 819 1
372 820 1
372 824 3
372 832 5
372 844 1
372 845 3
372 846 2
372 872 1
372 880 3
372 924 1
372 928 2
372 930 2
372 931 1
372 932 1
372 934 2
372 948 2
372 952 5
372 974 1
372 975 3
372 977 2
372 978 2
372 979 5
372 986 2
373 5 3
373 39 3
373 77 4
373 176 3
373 183 4
373 185 4
373 218 3
373 233 4
373 288 2
373 300 3
373 443 3
373 583 2
373 684 4
373 761 2
374 11 3
374 14 4
374 98 4
374 154 3
374 181 4
374 197 4
374 198 3
374 223 4
374 237 3
374 246 4
374 268 3
374 274 3
374 275 4
374 289 2
374 301 3
374 603 4
374 762 3
375 56 4
375 98 4
375 100 4
375 164 3
375 168 4
375 173 3
375 194 4
375 219 3
375 234 4
375 258 4
375 268 3
375 288 3
375 313 4
375 316 4
375 323 3
375 354 3
375 443 4
375 508 3
375 895 2
376 1 1
376 2 3
376 4 4
376 5 5
376 7 3
376 8 5
376 9 5
376 10 5
376 11 3
376 12 3
376 13 5
376 14 5
376 15 4
376 21 2
376 22 4
376 28 4
376 29 2
376 31 5
376 40 3
376 42 3
376 43 3
376 48 4
376 49 4
376 50 5
376 52 4
376 53 2
376 54 3
376 58 3
376 59 4
376 62 5
376 63 4
376 65 4
376 66 4
376 68 2
376 70 4
376 73 3
376 77 3
376 79 4
376 86 3
376 87 2
376 88 3
376 89 4
376 91 1
376 94 2
376 95 4
376 99 5
376 100 3
376 106 5
376 110 3
376 111 5
376 117 3
376 121 5
376 123 4
376 125 5
376 126 1
376 132 4
376 133 5
376 135 5
376 141 5
376 143 5
376 144 5
376 148 1
376 151 5
376 153 3
376 155 3
376 157 4
376 159 3
376 161 4
376 162 4
376 167 5
376 172 4
376 173 5
376 174 4
376 175 1
376 176 3
376 179 4
376 180 4
376 181 3
376 182 5
376 186 4
376 191 4
376 194 4
376 195 2
376 196 4
376 197 4
376 200 5
376 202 3
376 203 5
376 207 2
376 210 4
376 213 4
376 215 4
376 217 2
376 218 4
376 220 2
376 222 2
376 223 4
376 226 5
376 227 3
376 230 3
376 233 4
376 234 3
376 235 5
376 237 5
376 239 3
376 241 3
376 245 3
376 248 1
376 252 1
376 254 2
376 255 5
376 257 3
376 258 3
376 269 2
376 272 5
376 273 1
376 274 4
376 275 5
376 276 2
376 277 5
376 280 3
376 281 5
376 282 3
376 283 5
376 284 5
376 285 1
376 286 1
376 288 3
376 289 3
376 294 3
376 295 3
376 298 2
376 300 3
376 301 2
376 302 3
376 304 3
376 317 4
376 318 5
376 319 2
376 321 2
376 326 2
376 328 4
376 356 3
376 365 1
376 367 2
376 380 4
376 381 3
376 382 4
376 385 3
376 386 1
376 387 3
376 392 2
376 393 3
376 396 2
376 401 1
376 403 3
376 404 3
376 405 2
376 409 5
376 410 2
376 411 1
376 417 3
376 418 3
376 419 2
376 420 3
376 423 4
376 432 4
376 435 4
376 447 3
376 449 3
376 450 1
376 451 3
376 458 5
376 465 3
376 469 2
376 471 5
376 476 2
376 479 1
376 482 5
376 485 3
376 496 5
376 500 4
376 501 2
376 508 5
376 509 3
376 517 2
376 527 4
376 528 4
376 542 2
376 546 3
376 549 4
376 554 1
376 559 2
376 566 3
376 568 3
376 572 2
376 575 2
376 576 3
376 582 3
376 591 4
376 596 2
376 597 1
376 619 3
376 620 2
376 623 3
376 629 3
376 631 3
376 632 4
376 635 5
376 636 1
376 651 4
376 655 4
376 663 3
376 665 2
376 674 1
376 686 4
376 692 3
376 693 2
376 694 5
376 702 2
376 703 3
376 707 4
376 708 4
376 709 4
376 715 3
376 716 3
376 720 3
376 722 3
376 724 4
376 727 5
376 729 3
376 731 3
376 732 3
376 734 1
376 736 4
376 742 1
376 744 4
376 747 3
376 755 3
376 756 1
376 762 5
376 768 3
376 778 3
376 780 2
376 787 1
376 792 3
376 793 3
376 796 3
376 806 4
376 807 1
376 845 4
376 866 5
376 875 1
376 896 5
376 918 1
376 921 2
376 924 1
376 926 3
376 928 1
376 930 2
376 939 3
376 942 4
376 951 3
376 959 3
376 961 5
376 969 5
376 972 3
376 977 4
376 979 2
377 1 4
377 2 2
377 4 3
377 8 4
377 9 4
377 12 4
377 23 4
377 50 4
377 52 3
377 54 3
377 56 4
377 62 3
377 63 1
377 64 4
377 69 3
377 79 4
377 82 3
377 83 3
377 88 3
377 89 4
377 90 2
377 93 3
377 96 3
377 98 4
377 100 4
377 116 3
377 124 4
377 131 3
377 133 3
377 135 4
377 141 3
377 144 3
377 152 3
377 153 3
377 157 3
377 158 2
377 161 3
377 163 3
377 164 3
377 168 4
377 172 4
377 173 4
377 176 4
377 177 4
377 178 4
377 179 3
377 183 4
377 186 3
377 188 3
377 191 4
377 192 3
377 193 3
377 194 4
377 195 4
377 196 4
377 200 3
377 202 3
377 203 3
377 204 4
377 205 3
377 208 4
377 210 3
377 211 4
377 216 4
377 219 1
377 227 3
377 230 3
377 233 3
377 238 4
377 239 3
377 257 3
377 270 3
377 271 2
377 284 3
377 285 4
377 294 2
377 300 3
377 306 3
377 310 3
377 331 5
377 339 3
377 357 4
377 372 4
377 381 3
377 383 5
377 385 3
377 391 2
377 393 3
377 395 5
377 401 3
377 402 3
377 405 2
377 414 3
377 417 2
377 419 3
377 427 4
377 428 4
377 434 3
377 436 4
377 443 4
377 447 3
377 448 3
377 451 4
377 452 5
377 461 3
377 480 4
377 496 3
377 504 4
377 511 4
377 514 4
377 516 3
377 517 3
377 520 4
377 522 3
377 523 4
377 527 4
377 528 4
377 529 3
377 530 3
377 554 2
377 559 3
377 563 1
377 566 3
377 568 3
377 575 3
377 576 3
377 603 4
377 616 3
377 622 3
377 636 2
377 637 3
377 644 4
377 649 4
377 651 4
377 655 4
377 659 3
377 674 1
377 684 3
377 686 4
377 701 3
377 704 2
377 705 4
377 710 3
377 712 3
377 729 3
377 732 3
377 735 3
377 736 3
377 746 4
377 842 2
377 855 3
378 1 3
378 7 3
378 12 4
378 22 4
378 28 4
378 31 3
378 38 3
378 58 3
378 59 4
378 60 3
378 61 3
378 62 3
378 64 4
378 69 3
378 71 3
378 81 3
378 95 3
378 98 4
378 100 4
378 109 3
378 114 4
378 118 3
378 121 3
378 132 4
378 134 4
378 139 3
378 152 3
378 154 3
378 161 3
378 163 3
378 168 4
378 170 4
378 172 4
378 176 3
378 177 3
378 180 3
378 181 4
378 183 4
378 185 3
378 186 3
378 190 4
378 194 4
378 197 4
378 208 4
378 213 4
378 215 3
378 217 2
378 222 3
378 228 4
378 229 3
378 238 4
378 241 3
378 258 4
378 265 3
378 270 3
378 306 3
378 313 4
378 315 4
378 340 3
378 356 3
378 357 4
378 382 3
378 414 3
378 416 3
378 419 3
378 423 4
378 425 3
378 427 4
378 428 4
378 435 4
378 443 3
378 449 3
378 462 3
378 463 3
378 465 3
378 474 4
378 479 4
378 483 4
378 502 4
378 506 4
378 512 3
378 515 4
378 518 3
378 521 3
378 527 4
378 529 3
378 530 3
378 549 3
378 561 2
378 566 3
378 570 3
378 573 3
378 582 3
378 587 3
378 614 3
378 629 3
378 630 3
378 631 3
378 651 4
378 652 3
378 654 4
378 663 3
378 664 3
378 665 2
378 670 4
378 684 3
378 699 3
378 708 3
378 712 2
378 729 3
378 732 3
378 736 3
378 744 3
378 750 3
378 751 3
378 753 3
378 770 3
378 856 3
378 923 4
378 956 3
378 959 3
379 1 4
379 13 3
379 14 4
379 15 3
379 16 3
379 20 3
379 30 4
379 50 4
379 59 4
379 77 2
379 79 3
379 83 3
379 89 4
379 94 3
379 95 3
379 97 3
379 99 4
379 100 4
379 102 2
379 121 3
379 129 3
379 132 4
379 133 4
379 134 4
379 135 4
379 139 2
379 150 3
379 151 3
379 175 4
379 178 4
379 191 3
379 212 2
379 214 2
379 216 4
379 217 2
379 228 4
379 259 1
379 276 3
379 281 2
379 294 2
379 303 4
379 304 5
379 318 4
379 344 2
379 378 3
379 418 3
379 443 3
379 459 1
379 462 3
379 473 3
379 479 4
379 485 4
379 487 3
379 493 4
379 495 3
379 498 4
379 501 3
379 509 4
379 517 3
379 525 4
379 526 3
379 529 3
379 582 3
379 607 3
379 631 3
379 634 2
379 640 3
379 647 4
379 652 3
379 656 3
379 657 3
379 660 3
379 673 3
379 682 5
379 693 3
379 705 4
379 724 3
379 742 3
379 771 2
379 778 3
379 855 3
379 887 3
379 898 5
379 914 1
379 931 1
379 934 1
379 961 3
379 995 2
380 7 3
380 9 4
380 23 4
380 50 4
380 56 4
380 98 4
380 100 4
380 122 2
380 127 4
380 134 4
380 135 4
380 137 4
380 150 3
380 171 4
380 177 3
380 180 3
380 183 4
380 258 3
380 276 3
380 290 2
380 332 4
380 475 3
380 481 4
380 482 3
380 507 3
380 508 3
380 531 4
380 717 2
381 14 4
381 19 3
381 58 3
381 81 3
381 86 4
381 89 4
381 100 4
381 134 4
381 135 4
381 137 4
381 180 3
381 193 3
381 197 4
381 203 3
381 205 3
381 223 4
381 237 3
381 238 4
381 268 4
381 272 4
381 285 4
381 302 4
381 315 4
381 319 3
381 321 3
381 345 3
381 357 4
381 425 3
381 427 4
381 435 4
381 464 4
381 474 4
381 475 4
381 478 4
381 479 4
381 480 4
381 483 4
381 484 4
381 496 4
381 505 3
381 514 4
381 531 4
381 603 4
381 639 3
381 641 4
381 657 4
382 272 3
382 289 3
382 302 3
382 316 4
382 327 3
382 343 3
382 355 3
382 751 3
382 989 2
383 4 3
383 8 3
383 12 4
383 18 1
383 24 4
383 29 3
383 32 4
383 37 1
383 42 2
383 47 3
383 48 5
383 50 3
383 53 4
383 56 4
383 58 4
383 59 4
383 61 3
383 79 3
383 81 4
383 82 1
383 87 3
383 89 4
383 93 5
383 98 4
383 99 3
383 111 2
383 114 3
383 122 1
383 127 5
383 128 2
383 129 4
383 131 3
383 133 4
383 134 4
383 135 4
383 136 4
383 143 2
383 144 3
383 145 1
383 151 3
383 152 3
383 153 3
383 168 4
383 169 4
383 171 4
383 172 4
383 173 3
383 174 4
383 175 4
383 177 4
383 180 4
383 181 1
383 183 4
383 186 4
383 187 4
383 189 2
383 191 4
383 192 3
383 194 3
383 195 4
383 199 3
383 200 3
383 207 2
383 208 4
383 209 4
383 211 4
383 216 3
383 217 2
383 218 3
383 219 1
383 221 5
383 224 5
383 235 1
383 236 1
383 238 4
383 249 1
383 250 4
383 253 3
383 254 5
383 256 3
383 257 5
383 262 4
383 273 3
383 276 3
383 283 3
383 285 5
383 286 3
383 290 3
383 293 1
383 304 3
383 305 3
383 318 4
383 320 4
383 325 2
383 337 1
383 340 5
383 346 1
383 347 4
383 367 3
383 383 1
383 385 2
383 403 4
383 405 1
383 408 5
383 417 3
383 419 2
383 423 3
383 425 3
383 427 4
383 428 5
383 429 4
383 430 4
383 433 4
383 435 4
383 443 4
383 447 4
383 451 1
383 455 2
383 458 1
383 461 3
383 462 3
383 473 3
383 474 4
383 479 4
383 480 4
383 482 4
383 483 4
383 485 3
383 486 3
383 487 4
383 489 4
383 492 4
383 496 3
383 498 4
383 500 4
383 502 3
383 503 3
383 506 4
383 507 3
383 508 1
383 511 3
383 512 3
383 520 4
383 521 3
383 523 5
383 524 2
383 525 3
383 526 3
383 529 3
383 557 3
383 603 4
383 604 3
383 606 4
383 616 3
383 631 3
383 650 3
383 652 3
383 653 3
383 654 4
383 657 4
383 658 3
383 659 3
383 661 4
383 663 2
383 664 3
383 673 3
383 674 2
383 675 4
383 705 4
383 719 3
383 727 3
383 732 1
383 739 1
383 745 4
383 794 5
383 851 3
383 855 3
383 865 3
383 871 3
383 896 1
383 900 5
383 919 5
383 922 5
383 940 1
383 942 3
383 945 2
383 959 4
383 961 5
383 965 1
384 24 3
384 50 4
384 121 3
384 222 3
384 273 3
384 455 3
384 685 3
384 825 2
384 833 3
384 840 2
385 2 3
385 4 3
385 7 5
385 8 3
385 10 4
385 11 3
385 13 5
385 20 5
385 22 4
385 23 3
385 24 2
385 27 2
385 31 3
385 32 2
385 33 3
385 39 3
385 47 3
385 48 3
385 50 5
385 52 3
385 55 4
385 56 3
385 58 3
385 61 3
385 62 3
385 64 4
385 68 3
385 71 3
385 76 4
385 79 4
385 81 3
385 82 3
385 83 4
385 89 4
385 91 3
385 92 4
385 93 1
385 96 4
385 97 3
385 98 4
385 99 4
385 101 2
385 102 2
385 113 4
385 114 4
385 116 5
385 117 1
385 121 4
385 123 4
385 127 4
385 129 2
385 133 3
385 135 4
385 136 3
385 144 3
385 147 3
385 151 4
385 152 3
385 156 3
385 161 3
385 168 4
385 169 4
385 176 4
385 180 3
385 181 4
385 182 4
385 183 4
385 184 3
385 186 3
385 187 4
385 189 3
385 190 3
385 192 3
385 193 3
385 194 4
385 195 4
385 196 4
385 197 4
385 198 3
385 200 3
385 201 1
385 202 4
385 203 3
385 205 3
385 206 3
385 208 4
385 209 4
385 210 4
385 211 3
385 215 4
385 217 3
385 218 3
385 219 1
385 222 4
385 223 4
385 224 5
385 226 3
385 228 4
385 229 3
385 230 3
385 231 2
385 233 2
385 238 4
385 241 3
385 246 3
385 248 3
385 250 3
385 258 3
385 265 3
385 268 1
385 273 3
385 277 1
385 288 1
385 289 3
385 293 3
385 294 4
385 295 2
385 298 1
385 317 4
385 318 4
385 319 2
385 320 5
385 321 1
385 325 1
385 333 3
385 357 4
385 380 4
385 381 3
385 385 4
385 393 3
385 403 3
385 410 3
385 414 4
385 418 3
385 423 4
385 428 3
385 429 4
385 430 4
385 431 3
385 432 3
385 435 3
385 436 4
385 441 2
385 444 3
385 446 2
385 447 4
385 448 3
385 455 4
385 458 5
385 461 3
385 463 4
385 473 3
385 474 4
385 475 1
385 477 2
385 488 4
385 496 3
385 508 2
385 511 3
385 514 3
385 515 4
385 520 4
385 526 2
385 528 4
385 547 1
385 549 3
385 558 3
385 559 3
385 561 1
385 564 1
385 566 3
385 569 2
385 578 4
385 580 3
385 582 3
385 583 3
385 593 4
385 603 3
385 619 3
385 625 3
385 642 3
385 650 3
385 651 4
385 659 4
385 663 4
385 672 3
385 674 3
385 678 1
385 679 4
385 684 4
385 692 3
385 693 3
385 697 3
385 715 2
385 732 3
385 735 3
385 737 2
385 742 5
385 744 2
385 768 2
385 769 3
385 772 1
385 773 4
385 774 5
385 789 3
385 790 2
385 806 4
385 844 4
385 845 4
385 854 5
385 856 5
385 919 5
385 942 4
385 943 3
385 952 2
385 969 3
385 972 5
385 984 1
386 5 2
386 56 4
386 100 4
386 111 3
386 117 3
386 147 3
386 184 2
386 237 3
386 259 2
386 288 3
386 298 3
386 307 3
386 310 3
386 315 3
386 323 2
386 326 3
386 333 3
386 508 3
386 569 2
386 591 3
386 628 3
386 678 2
386 680 2
386 682 2
386 690 3
386 742 3
386 769 2
386 773 2
386 816 2
386 845 3
386 871 2
386 895 2
387 4 3
387 8 4
387 23 4
387 25 3
387 28 3
387 29 3
387 38 3
387 40 2
387 42 3
387 47 3
387 50 4
387 53 2
387 56 4
387 58 3
387 59 4
387 64 4
387 65 3
387 66 3
387 69 3
387 72 3
387 77 3
387 79 4
387 80 2
387 82 3
387 88 3
387 90 2
387 94 3
387 95 3
387 98 4
387 99 4
387 100 4
387 105 5
387 109 2
387 111 3
387 118 3
387 127 4
387 131 3
387 132 4
387 136 4
387 142 3
387 151 3
387 152 3
387 153 3
387 154 3
387 159 3
387 160 3
387 167 4
387 168 4
387 172 4
387 173 4
387 174 4
387 176 3
387 178 4
387 179 3
387 181 4
387 185 3
387 186 3
387 191 4
387 194 4
387 197 4
387 202 3
387 204 3
387 205 3
387 208 3
387 210 4
387 211 4
387 216 3
387 217 2
387 234 4
387 238 3
387 249 2
387 275 4
387 283 4
387 285 4
387 300 3
387 301 3
387 346 5
387 378 3
387 383 1
387 384 3
387 393 3
387 395 2
387 396 3
387 401 2
387 404 3
387 407 2
387 410 3
387 411 3
387 414 3
387 416 3
387 420 3
387 423 4
387 428 3
387 429 3
387 435 4
387 451 3
387 454 4
387 467 4
387 471 3
387 474 4
387 475 3
387 477 3
387 478 4
387 479 4
387 480 4
387 481 3
387 483 4
387 484 4
387 490 4
387 491 3
387 492 4
387 493 4
387 497 3
387 498 4
387 499 4
387 501 3
387 502 4
387 503 3
387 504 4
387 506 3
387 507 3
387 509 3
387 510 4
387 514 4
387 517 3
387 518 3
387 519 3
387 520 4
387 525 4
387 526 3
387 550 3
387 558 3
387 568 3
387 583 3
387 584 2
387 588 4
387 591 4
387 602 4
387 604 4
387 605 3
387 607 3
387 610 3
387 612 3
387 613 4
387 615 3
387 616 3
387 630 2
387 631 3
387 642 3
387 649 2
387 656 4
387 657 4
387 661 3
387 662 3
387 671 3
387 674 1
387 693 3
387 699 3
387 700 1
387 705 3
387 712 3
387 715 3
387 731 2
387 732 3
387 736 3
387 739 3
387 756 2
387 763 3
387 778 3
387 780 2
387 785 2
387 792 3
387 820 1
387 824 1
387 835 3
387 836 3
387 845 3
387 847 4
387 923 4
387 926 3
387 942 4
387 945 4
387 954 2
387 997 3
388 1 3
388 9 4
388 13 3
388 126 3
388 258 4
388 275 3
388 302 4
388 304 3
388 319 3
388 328 3
388 329 3
388 331 3
388 740 2
388 742 3
388 845 3
388 989 1
389 9 4
389 11 3
389 12 4
389 15 3
389 22 4
389 31 3
389 47 3
389 48 3
389 56 4
389 58 3
389 59 4
389 60 3
389 64 4
389 69 3
389 71 3
389 76 3
389 89 4
389 97 3
389 100 4
389 127 4
389 132 4
389 134 4
389 148 3
389 168 4
389 173 4
389 182 4
389 188 3
389 191 4
389 195 4
389 197 4
389 200 3
389 203 3
389 204 4
389 205 3
389 213 3
389 215 3
389 222 3
389 234 4
389 237 3
389 238 4
389 258 4
389 264 3
389 276 3
389 282 3
389 286 3
389 288 3
389 294 3
389 300 3
389 318 4
389 334 3
389 357 4
389 421 4
389 458 2
389 460 1
389 471 3
389 474 4
389 479 4
389 480 4
389 482 3
389 490 4
389 491 3
389 498 4
389 504 3
389 507 3
389 508 3
389 510 3
389 511 4
389 527 4
389 530 3
389 544 3
389 546 2
389 603 4
389 604 3
389 628 4
389 646 4
389 659 3
389 661 4
389 678 2
389 748 2
389 772 2
389 774 2
389 963 5
390 8 4
390 23 4
390 58 3
390 59 4
390 99 3
390 114 4
390 129 3
390 166 3
390 169 4
390 170 4
390 172 4
390 173 4
390 178 4
390 179 3
390 180 3
390 181 4
390 189 3
390 191 4
390 197 4
390 199 4
390 200 3
390 209 3
390 244 2
390 248 3
390 249 3
390 250 3
390 255 3
390 257 3
390 260 1
390 268 4
390 270 3
390 271 2
390 272 4
390 276 3
390 285 4
390 288 3
390 289 2
390 293 3
390 294 3
390 297 3
390 300 3
390 302 4
390 303 3
390 304 3
390 310 3
390 312 3
390 313 4
390 319 3
390 321 3
390 323 2
390 324 3
390 325 2
390 328 3
390 333 3
390 340 3
390 344 3
390 345 3
390 346 3
390 347 3
390 463 3
390 482 3
390 491 3
390 492 3
390 493 4
390 511 4
390 515 4
390 534 3
390 538 3
390 615 3
390 632 3
390 650 3
390 663 3
390 705 4
390 813 3
390 847 3
390 872 2
390 873 1
390 880 3
391 2 2
391 3 1
391 4 4
391 5 5
391 7 1
391 11 4
391 12 5
391 15 3
391 17 5
391 21 3
391 22 4
391 24 3
391 25 4
391 26 3
391 27 1
391 28 5
391 29 2
391 31 4
391 36 3
391 38 1
391 40 3
391 41 2
391 42 2
391 48 4
391 49 5
391 50 5
391 51 3
391 54 2
391 55 1
391 56 5
391 58 5
391 62 4
391 64 4
391 65 5
391 67 2
391 68 3
391 69 1
391 70 3
391 71 4
391 73 3
391 78 2
391 79 4
391 81 3
391 83 2
391 84 4
391 85 4
391 86 2
391 87 3
391 88 4
391 90 2
391 94 3
391 95 4
391 99 5
391 100 2
391 105 5
391 108 1
391 109 1
391 110 5
391 111 3
391 117 3
391 118 3
391 122 1
391 123 1
391 126 1
391 128 1
391 132 5
391 135 4
391 136 5
391 138 1
391 139 5
391 142 5
391 144 5
391 147 1
391 148 2
391 153 4
391 154 3
391 161 4
391 168 3
391 169 5
391 172 5
391 173 5
391 181 4
391 184 4
391 186 3
391 189 3
391 191 1
391 194 3
391 196 4
391 202 4
391 203 4
391 204 4
391 206 3
391 215 2
391 222 4
391 223 4
391 227 3
391 228 4
391 233 4
391 237 3
391 239 4
391 240 2
391 241 2
391 243 1
391 245 1
391 252 2
391 255 5
391 257 2
391 258 3
391 265 3
391 270 4
391 271 5
391 273 4
391 274 4
391 275 4
391 278 1
391 280 3
391 281 1
391 283 5
391 290 2
391 291 2
391 294 4
391 298 3
391 303 5
391 313 4
391 316 4
391 317 3
391 318 4
391 321 4
391 323 1
391 328 5
391 333 5
391 338 2
391 342 3
391 344 5
391 347 2
391 354 5
391 355 4
391 356 1
391 357 5
391 362 3
391 363 3
391 364 5
391 365 3
391 366 1
391 369 3
391 373 4
391 374 2
391 376 2
391 377 1
391 378 4
391 380 3
391 385 5
391 386 2
391 391 3
391 393 3
391 394 2
391 396 4
391 403 2
391 404 5
391 405 2
391 409 2
391 410 2
391 412 3
391 415 2
391 417 2
391 418 4
391 419 3
391 420 5
391 421 1
391 423 5
391 431 4
391 443 3
391 456 2
391 465 1
391 470 3
391 471 3
391 472 3
391 473 2
391 476 3
391 477 4
391 479 4
391 480 2
391 496 5
391 497 3
391 500 1
391 501 4
391 527 3
391 538 5
391 539 2
391 540 2
391 544 5
391 546 2
391 550 4
391 552 3
391 553 1
391 554 1
391 559 3
391 561 5
391 566 5
391 568 4
391 569 4
391 571 4
391 576 3
391 578 3
391 588 4
391 591 2
391 596 3
391 597 4
391 622 5
391 623 5
391 628 1
391 630 3
391 633 5
391 636 2
391 644 1
391 651 4
391 655 1
391 659 3
391 672 1
391 681 1
391 683 1
391 685 3
391 686 3
391 687 1
391 690 1
391 692 2
391 696 2
391 705 1
391 710 1
391 715 1
391 717 1
391 721 2
391 722 2
391 725 5
391 727 4
391 728 3
391 731 2
391 737 5
391 739 2
391 742 3
391 747 3
391 751 3
391 755 3
391 756 3
391 761 4
391 763 1
391 771 3
391 775 2
391 778 2
391 779 2
391 780 3
391 781 3
391 783 3
391 789 4
391 792 2
391 794 2
391 797 4
391 802 3
391 805 3
391 808 1
391 810 2
391 812 5
391 815 2
391 821 3
391 824 2
391 825 2
391 826 2
391 831 2
391 836 3
391 840 2
391 841 1
391 842 5
391 843 4
391 845 3
391 870 1
391 871 1
391 876 5
391 879 3
391 890 2
391 905 1
391 922 1
391 929 1
391 930 2
391 932 1
391 939 2
391 940 1
391 944 1
391 949 3
391 951 4
391 953 2
391 964 2
391 977 1
391 996 2
391 997 2
391 999 3
391 1000 2
392 1 4
392 7 4
392 28 4
392 31 3
392 38 3
392 39 3
392 42 3
392 56 4
392 63 3
392 68 3
392 72 3
392 73 3
392 79 4
392 84 4
392 88 3
392 96 4
392 97 4
392 98 4
392 101 3
392 117 3
392 121 3
392 128 3
392 132 4
392 144 4
392 154 3
392 156 3
392 158 2
392 161 3
392 164 3
392 172 4
392 174 4
392 179 3
392 181 4
392 184 3
392 195 4
392 208 4
392 210 4
392 216 3
392 217 2
392 218 3
392 222 3
392 226 3
392 227 3
392 229 3
392 230 3
392 232 2
392 233 3
392 238 4
392 250 3
392 257 3
392 265 3
392 282 3
392 288 3
392 313 4
392 364 1
392 383 1
392 385 3
392 386 2
392 411 2
392 416 2
392 419 3
392 423 4
392 433 3
392 449 3
392 450 1
392 455 3
392 496 3
392 508 3
392 540 2
392 541 2
392 550 3
392 552 3
392 554 2
392 559 2
392 561 2
392 568 3
392 576 2
392 578 3
392 597 3
392 655 4
392 658 3
392 665 2
392 679 3
392 746 3
392 763 2
392 771 2
392 773 2
392 780 2
392 797 3
392 802 3
392 979 3
393 1 4
393 50 4
393 64 4
393 89 4
393 97 3
393 98 4
393 100 4
393 121 3
393 151 3
393 154 3
393 174 4
393 186 3
393 196 4
393 210 4
393 216 3
393 237 3
393 252 2
393 255 3
393 257 4
393 273 3
393 313 4
393 315 3
393 328 3
393 342 2
393 343 2
393 423 4
393 458 2
393 472 3
393 632 4
393 739 3
393 892 2
393 924 3
394 1 3
394 9 3
394 25 4
394 100 4
394 106 2
394 117 4
394 121 3
394 125 4
394 222 3
394 237 3
394 245 3
394 260 2
394 274 3
394 291 3
394 300 4
394 322 3
394 328 3
394 329 2
394 333 3
394 405 3
394 455 2
394 471 4
394 591 3
394 619 3
394 678 2
394 717 3
394 751 3
394 840 1
394 930 2
394 977 2
394 986 2
395 7 3
395 8 4
395 23 4
395 56 4
395 95 3
395 100 4
395 108 3
395 109 3
395 117 3
395 127 4
395 134 4
395 135 4
395 156 3
395 171 3
395 172 4
395 174 4
395 177 4
395 178 4
395 181 4
395 183 4
395 192 3
395 194 4
395 197 4
395 210 4
395 221 3
395 223 4
395 261 2
395 268 4
395 286 3
395 288 3
395 302 4
395 313 4
395 318 4
395 322 3
395 324 2
395 325 2
395 327 3
395 334 3
395 338 3
395 340 3
395 345 3
395 346 3
395 390 4
395 423 4
395 457 1
395 475 4
395 479 4
395 483 4
395 498 4
395 513 3
395 588 3
395 615 3
395 641 4
395 657 4
395 680 4
395 705 4
395 748 2
395 751 3
395 853 5
395 855 3
395 878 1
395 894 1
395 896 2
395 988 1
395 989 1
395 991 1
396 4 3
396 12 4
396 13 3
396 15 3
396 25 2
396 28 4
396 31 3
396 47 3
396 49 2
396 50 4
396 56 4
396 58 3
396 63 2
396 64 4
396 65 3
396 66 3
396 69 3
396 70 3
396 72 3
396 73 3
396 82 3
396 85 3
396 88 3
396 94 3
396 95 3
396 117 2
396 124 5
396 125 3
396 126 1
396 127 4
396 144 3
396 152 3
396 154 3
396 159 3
396 162 3
396 163 3
396 167 3
396 168 4
396 172 4
396 173 4
396 174 4
396 178 4
396 181 4
396 182 3
396 183 4
396 186 3
396 191 4
396 194 4
396 196 4
396 197 4
396 199 4
396 202 4
396 203 3
396 204 4
396 205 3
396 211 4
396 216 3
396 227 3
396 228 3
396 229 3
396 230 3
396 234 4
396 235 2
396 239 3
396 274 3
396 276 3
396 284 2
396 357 4
396 385 3
396 393 3
396 399 3
396 403 3
396 414 3
396 417 2
396 423 4
396 429 4
396 430 4
396 432 4
396 435 4
396 474 4
396 476 2
396 479 4
396 480 4
396 481 3
396 485 3
396 491 3
396 493 4
396 494 4
396 495 3
396 496 4
396 497 4
396 498 4
396 501 3
396 502 3
396 504 4
396 510 4
396 514 4
396 519 4
396 520 4
396 521 3
396 525 4
396 588 3
396 589 3
396 591 4
396 602 4
396 648 3
396 654 4
396 663 3
396 692 3
396 700 1
396 710 2
396 715 3
396 732 3
396 735 3
396 737 4
396 756 2
396 796 3
396 953 3
396 969 3
396 991 1
396 993 3
397 2 3
397 5 3
397 8 4
397 9 4
397 15 3
397 22 4
397 26 3
397 31 3
397 33 3
397 38 2
397 41 2
397 42 3
397 48 4
397 53 2
397 55 3
397 56 4
397 57 4
397 58 3
397 62 3
397 63 3
397 66 3
397 67 2
397 68 3
397 69 3
397 71 3
397 72 3
397 73 3
397 77 3
397 79 3
397 80 2
397 84 3
397 91 3
397 94 3
397 95 3
397 97 3
397 98 4
397 99 3
397 102 2
397 110 2
397 114 4
397 117 3
397 118 3
397 121 3
397 127 4
397 128 2
397 132 3
397 140 2
397 143 3
397 144 4
397 147 3
397 148 2
397 153 3
397 154 3
397 155 2
397 156 3
397 157 3
397 161 3
397 164 3
397 172 4
397 173 4
397 174 4
397 175 3
397 179 4
397 180 3
397 181 4
397 186 4
397 187 4
397 188 3
397 195 4
397 196 4
397 203 3
397 204 4
397 210 4
397 214 3
397 215 4
397 219 2
397 223 4
397 226 3
397 227 3
397 228 4
397 229 3
397 230 3
397 231 2
397 233 3
397 234 4
397 237 3
397 238 4
397 239 3
397 241 3
397 264 2
397 265 3
397 268 4
397 273 3
397 274 3
397 276 3
397 282 3
397 284 3
397 288 3
397 289 2
397 291 2
397 295 3
397 301 3
397 307 4
397 318 4
397 323 2
397 332 3
397 338 2
397 340 3
397 364 1
397 372 3
397 378 3
397 382 3
397 383 1
397 384 2
397 385 3
397 386 2
397 388 2
397 389 2
397 393 3
397 399 3
397 400 1
397 401 2
397 402 3
397 403 3
397 405 3
397 407 2
397 412 2
397 413 1
397 418 3
397 420 3
397 423 4
397 431 3
397 432 3
397 436 4
397 444 2
397 450 1
397 451 3
397 452 2
397 454 2
397 455 3
397 459 3
397 470 2
397 471 3
397 475 3
397 486 3
397 496 3
397 501 3
397 506 3
397 508 3
397 527 4
397 531 3
397 542 2
397 543 3
397 544 2
397 546 3
397 549 3
397 550 3
397 551 1
397 554 2
397 559 2
397 564 2
397 566 3
397 568 3
397 575 2
397 576 2
397 578 3
397 582 3
397 587 2
397 588 3
397 591 3
397 597 3
397 616 3
397 622 3
397 628 3
397 633 3
397 651 4
397 655 3
397 673 3
397 679 3
397 684 3
397 693 3
397 697 3
397 710 2
397 720 2
397 722 2
397 727 3
397 732 3
397 735 3
397 738 2
397 742 3
397 744 3
397 747 3
397 754 5
397 755 3
397 760 2
397 763 3
397 768 2
397 769 2
397 772 3
397 774 1
397 779 3
397 781 3
397 806 3
397 809 3
397 813 3
397 817 2
397 824 2
397 825 2
397 826 2
397 845 3
397 924 2
397 926 2
397 928 2
397 941 3
397 946 3
397 959 3
397 969 2
397 975 3
397 977 2
397 986 2
398 258 3
398 286 3
398 288 2
398 294 3
398 300 3
398 304 3
398 332 2
398 689 2
398 690 3
399 9 4
399 11 4
399 13 3
399 14 4
399 25 3
399 26 3
399 44 3
399 50 4
399 64 4
399 65 3
399 69 3
399 70 3
399 71 4
399 83 3
399 97 3
399 100 4
399 117 3
399 127 4
399 133 3
399 135 4
399 143 3
399 144 3
399 147 3
399 151 3
399 153 4
399 154 3
399 157 3
399 161 3
399 162 3
399 172 4
399 173 4
399 174 4
399 181 4
399 194 4
399 196 4
399 197 4
399 198 3
399 199 4
399 202 3
399 204 4
399 210 4
399 225 3
399 248 3
399 257 3
399 272 4
399 273 4
399 275 4
399 276 3
399 280 3
399 282 3
399 294 3
399 302 3
399 312 2
399 315 3
399 316 4
399 321 3
399 322 2
399 328 3
399 342 3
399 356 3
399 357 4
399 365 2
399 371 3
399 385 4
399 404 3
399 430 4
399 435 4
399 451 3
399 462 3
399 471 3
399 473 2
399 477 3
399 478 4
399 481 3
399 483 4
399 485 3
399 486 3
399 493 4
399 499 4
399 501 3
399 507 3
399 508 3
399 509 3
399 511 3
399 515 4
399 519 4
399 520 4
399 527 4
399 528 4
399 535 3
399 553 3
399 566 3
399 582 3
399 588 3
399 603 4
399 604 3
399 609 3
399 630 2
399 632 4
399 638 4
399 651 4
399 654 3
399 655 4
399 659 3
399 661 3
399 684 3
399 707 3
399 724 4
399 735 4
399 748 3
399 762 3
399 815 3
399 866 3
399 892 2
400 7 3
400 9 4
400 10 3
400 12 4
400 13 3
400 16 3
400 19 3
400 25 3
400 42 3
400 50 4
400 111 3
400 116 3
400 117 3
400 124 3
400 126 4
400 127 4
400 135 4
400 151 3
400 182 4
400 204 4
400 235 2
400 237 3
400 245 3
400 255 3
400 257 3
400 273 3
400 276 3
400 286 3
400 455 3
400 471 3
400 475 3
400 476 2
400 479 4
400 480 4
400 483 4
400 511 4
400 515 4
400 529 3
400 628 3
400 696 3
400 864 2
