201 1 3
201 111 3
201 268 4
201 283 3
201 291 2
201 305 3
201 331 3
201 740 3
202 259 2
202 292 3
202 682 2
202 872 1
202 877 1
202 880 3
202 887 2
202 895 3
202 948 2
203 7 3
203 9 4
203 100 4
203 106 2
203 111 3
203 117 3
203 118 3
203 121 3
203 123 3
203 129 3
203 148 3
203 181 4
203 222 3
203 235 2
203 274 3
203 276 3
203 284 3
203 291 2
203 370 2
203 410 3
203 471 3
203 472 2
203 515 4
203 546 3
203 597 3
203 685 3
203 748 2
203 845 3
203 864 2
203 866 3
203 925 2
203 928 2
204 22 4
204 66 3
204 243 2
204 245 3
204 258 3
204 259 2
204 269 3
204 270 3
204 289 3
204 300 3
204 307 2
204 310 3
204 313 4
204 323 2
204 327 3
204 331 3
204 333 3
204 342 3
204 343 3
204 348 3
204 678 2
204 683 2
204 687 1
204 689 2
204 690 3
204 748 2
204 754 3
204 879 3
204 892 2
204 901 1
205 2 3
205 5 4
205 8 4
205 11 4
205 12 4
205 22 4
205 23 4
205 28 4
205 29 3
205 30 3
205 31 3
205 32 3
205 33 3
205 37 1
205 38 2
205 39 1
205 40 1
205 41 2
205 42 4
205 43 2
205 45 3
205 47 4
205 48 3
205 49 3
205 50 4
205 51 3
205 52 3
205 53 3
205 55 3
205 56 4
205 57 4
205 58 3
205 60 3
205 61 3
205 62 3
205 63 3
205 64 4
205 66 3
205 67 2
205 68 3
205 70 3
205 71 3
205 72 3
205 73 3
205 75 2
205 76 3
205 77 3
205 78 2
205 80 2
205 81 3
205 82 3
205 83 3
205 85 3
205 87 3
205 88 3
205 90 2
205 91 3
205 92 4
205 94 3
205 96 4
205 97 3
205 98 4
205 101 2
205 102 2
205 127 4
205 132 4
205 135 4
205 139 2
205 141 4
205 142 3
205 149 5
205 161 3
205 168 4
205 169 4
205 172 3
205 173 4
205 175 4
205 178 4
205 179 3
205 180 4
205 183 4
205 184 3
205 185 4
205 186 3
205 188 3
205 189 4
205 190 3
205 191 4
205 192 4
205 193 3
205 195 4
205 197 4
205 198 3
205 199 4
205 200 3
205 202 3
205 204 4
205 206 3
205 207 4
205 208 3
205 210 4
205 211 3
205 212 1
205 214 3
205 215 4
205 216 3
205 217 3
205 218 3
205 219 2
205 226 3
205 227 3
205 228 4
205 229 2
205 230 3
205 231 2
205 232 3
205 233 2
205 234 3
205 238 4
205 239 3
205 265 4
205 288 4
205 302 4
205 308 2
205 317 3
205 318 4
205 347 4
205 350 2
205 351 5
205 356 3
205 361 3
205 364 2
205 365 3
205 366 3
205 367 3
205 371 2
205 374 3
205 376 2
205 377 2
205 379 4
205 383 1
205 384 2
205 386 2
205 387 3
205 388 1
205 391 3
205 393 3
205 395 2
205 396 4
205 397 1
205 399 3
205 400 1
205 402 3
205 403 3
205 404 3
205 414 3
205 415 1
205 416 3
205 417 2
205 419 3
205 420 3
205 421 3
205 422 3
205 423 4
205 426 3
205 427 3
205 430 4
205 431 3
205 433 3
205 434 3
205 437 2
205 438 1
205 439 2
205 440 1
205 441 2
205 442 2
205 444 1
205 446 2
205 447 3
205 448 3
205 449 3
205 450 1
205 451 3
205 452 2
205 453 1
205 461 3
205 462 3
205 463 3
205 464 4
205 465 3
205 467 3
205 469 3
205 470 3
205 480 3
205 482 3
205 501 3
205 504 3
205 509 3
205 510 3
205 511 4
205 514 3
205 515 4
205 516 2
205 517 3
205 518 4
205 519 3
205 520 4
205 521 2
205 522 3
205 523 3
205 524 1
205 525 4
205 526 3
205 527 4
205 528 4
205 529 3
205 530 3
205 536 2
205 537 3
205 540 1
205 541 3
205 543 2
205 545 3
205 548 5
205 549 3
205 551 2
205 552 4
205 553 2
205 555 3
205 556 2
205 557 2
205 558 3
205 559 3
205 560 2
205 561 2
205 562 2
205 563 1
205 564 2
205 565 4
205 566 3
205 567 1
205 568 3
205 569 2
205 570 3
205 573 3
205 574 5
205 575 1
205 577 2
205 578 3
205 579 2
205 580 2
205 581 3
205 583 3
205 584 2
205 585 3
205 586 2
205 588 4
205 592 1
205 593 5
205 603 4
205 606 3
205 622 3
205 623 1
205 624 1
205 625 3
205 626 3
205 627 2
205 639 4
205 642 3
205 643 2
205 644 4
205 645 3
205 647 4
205 648 4
205 649 3
205 650 3
205 651 4
205 652 2
205 653 4
205 654 4
205 655 3
205 656 2
205 659 3
205 661 4
205 662 1
205 664 4
205 666 2
205 667 5
205 669 3
205 670 3
205 671 3
205 673 4
205 674 2
205 675 2
205 679 4
205 684 3
205 692 3
205 693 3
205 694 4
205 695 2
205 697 2
205 699 4
205 700 1
205 702 2
205 707 3
205 708 3
205 710 2
205 712 2
205 714 2
205 715 2
205 716 3
205 719 5
205 720 2
205 721 1
205 722 1
205 723 2
205 726 1
205 727 4
205 728 2
205 729 3
205 731 2
205 732 3
205 734 3
205 736 4
205 739 3
205 745 3
205 746 3
205 747 3
205 753 3
205 755 3
205 759 1
205 761 2
205 765 3
205 768 1
205 769 3
205 770 2
205 771 2
205 772 1
205 773 1
205 774 1
205 775 2
205 776 1
205 777 3
205 778 3
205 779 2
205 780 2
205 782 1
205 783 1
205 784 1
205 785 2
205 786 5
205 787 2
205 788 1
205 789 4
205 790 4
205 791 1
205 793 3
205 794 3
205 795 2
205 796 1
205 798 1
205 802 4
205 807 1
205 808 2
205 810 3
205 812 4
205 816 5
205 842 2
205 843 5
205 849 3
205 851 3
205 853 5
205 854 1
205 855 3
205 858 1
205 859 5
205 860 3
205 861 1
205 904 1
205 921 3
205 939 3
205 941 2
205 943 3
205 944 1
205 946 3
205 947 3
205 949 3
205 951 3
205 953 2
205 955 4
205 956 5
205 957 1
205 959 3
205 960 3
205 964 3
205 969 3
205 971 3
205 994 1
205 996 1
205 997 1
205 999 3
206 1 3
206 3 2
206 4 2
206 5 3
206 7 3
206 8 4
206 10 5
206 11 4
206 12 4
206 13 4
206 14 1
206 15 4
206 20 1
206 22 5
206 24 3
206 25 4
206 28 3
206 30 4
206 32 1
206 39 5
206 40 5
206 42 3
206 47 5
206 48 5
206 50 4
206 52 3
206 58 5
206 63 5
206 64 3
206 69 3
206 71 1
206 72 3
206 79 3
206 85 3
206 86 5
206 87 4
206 89 5
206 92 5
206 93 1
206 96 4
206 99 5
206 115 5
206 117 5
206 121 3
206 123 3
206 125 3
206 127 3
206 129 3
206 131 5
206 132 1
206 133 5
206 134 5
206 135 5
206 136 4
206 143 3
206 148 5
206 151 3
206 152 1
206 153 1
206 156 2
206 158 4
206 164 3
206 168 4
206 170 4
206 172 5
206 173 5
206 174 2
206 175 1
206 179 2
206 181 4
206 182 3
206 183 1
206 186 5
206 187 5
206 188 4
206 190 5
206 191 5
206 194 5
206 195 5
206 196 4
206 198 1
206 199 2
206 202 5
206 203 3
206 204 4
206 206 3
206 209 4
206 211 3
206 212 5
206 213 4
206 215 5
206 218 4
206 219 1
206 220 3
206 222 3
206 228 3
206 234 4
206 235 3
206 237 3
206 238 4
206 239 3
206 240 3
206 274 3
206 275 1
206 276 3
206 277 4
206 284 3
206 289 2
206 317 4
206 318 1
206 357 5
206 368 1
206 381 1
206 396 4
206 404 2
206 405 3
206 410 2
206 411 2
206 414 5
206 418 1
206 419 5
206 420 4
206 421 3
206 427 5
206 428 4
206 429 3
206 430 2
206 431 2
206 434 4
206 435 4
206 436 5
206 443 1
206 447 5
206 451 5
206 452 2
206 453 1
206 461 3
206 463 4
206 468 3
206 469 1
206 474 4
206 476 5
206 479 1
206 480 3
206 481 3
206 482 3
206 485 4
206 487 3
206 488 4
206 490 5
206 496 1
206 498 4
206 499 4
206 501 4
206 503 5
206 504 1
206 505 4
206 507 5
206 508 5
206 509 4
206 511 1
206 514 2
206 515 5
206 517 3
206 519 5
206 520 2
206 523 4
206 524 3
206 526 1
206 527 2
206 528 4
206 529 3
206 543 1
206 559 5
206 561 4
206 573 1
206 582 5
206 588 1
206 589 3
206 591 4
206 596 1
206 605 3
206 606 4
206 607 4
206 608 4
206 610 4
206 611 5
206 612 3
206 624 3
206 632 3
206 633 4
206 634 1
206 638 1
206 639 3
206 640 1
206 641 4
206 642 2
206 645 3
206 647 4
206 651 1
206 652 1
206 655 3
206 662 3
206 663 3
206 664 3
206 665 5
206 672 5
206 675 2
206 692 2
206 693 2
206 699 1
206 701 5
206 705 3
206 712 4
206 713 4
206 715 1
206 727 2
206 732 5
206 735 3
206 737 1
206 745 4
206 746 5
206 747 1
206 756 1
206 772 1
206 787 2
206 813 2
206 823 2
206 825 2
206 826 2
206 831 1
206 845 4
206 919 1
206 921 5
206 923 5
206 942 4
206 960 5
206 962 1
207 1 3
207 2 2
207 4 3
207 8 4
207 25 3
207 28 3
207 29 2
207 40 2
207 45 4
207 50 4
207 56 4
207 62 3
207 68 2
207 69 4
207 70 3
207 82 3
207 88 3
207 89 4
207 91 3
207 96 3
207 97 3
207 98 4
207 99 3
207 100 4
207 117 3
207 118 3
207 123 3
207 127 4
207 132 3
207 135 4
207 143 3
207 144 4
207 147 3
207 157 3
207 158 2
207 159 2
207 161 3
207 163 2
207 172 4
207 173 4
207 174 4
207 177 4
207 179 3
207 180 4
207 181 4
207 182 4
207 183 4
207 185 3
207 186 3
207 188 3
207 193 4
207 194 4
207 196 3
207 197 3
207 200 3
207 201 3
207 202 3
207 203 3
207 205 2
207 208 4
207 209 3
207 211 4
207 214 3
207 215 3
207 216 3
207 217 2
207 218 3
207 222 3
207 223 4
207 226 3
207 227 3
207 228 4
207 229 3
207 230 3
207 231 2
207 232 2
207 235 2
207 238 4
207 239 3
207 244 3
207 248 3
207 249 3
207 250 3
207 255 2
207 257 3
207 265 3
207 269 3
207 274 2
207 286 3
207 289 3
207 290 3
207 291 3
207 313 4
207 316 4
207 345 2
207 357 3
207 371 3
207 382 3
207 385 3
207 393 3
207 399 3
207 400 1
207 405 3
207 416 3
207 418 3
207 423 4
207 427 4
207 428 4
207 432 3
207 433 3
207 436 3
207 447 3
207 448 2
207 449 3
207 455 3
207 466 3
207 476 2
207 478 4
207 479 3
207 483 4
207 484 3
207 493 4
207 496 4
207 502 3
207 508 3
207 510 4
207 514 4
207 519 4
207 521 4
207 525 4
207 559 2
207 561 1
207 565 2
207 588 3
207 603 3
207 616 3
207 629 3
207 635 2
207 642 3
207 648 4
207 656 4
207 657 3
207 660 4
207 675 3
207 684 4
207 705 4
207 710 2
207 712 3
207 715 2
207 729 3
207 732 3
207 746 3
207 755 3
207 756 3
207 785 3
207 844 2
207 859 1
207 869 2
207 879 2
207 949 3
207 969 3
207 972 3
207 993 2
208 270 3
208 271 2
208 286 3
208 294 3
208 300 3
208 313 4
208 315 4
208 319 3
208 328 3
208 347 3
208 358 2
208 539 2
208 683 2
208 689 2
208 748 2
209 6 5
209 8 4
209 9 4
209 12 4
209 14 4
209 22 4
209 23 4
209 28 4
209 30 4
209 48 3
209 50 4
209 58 3
209 59 4
209 60 3
209 65 3
209 87 3
209 97 3
209 98 4
209 99 3
209 100 4
209 133 3
209 135 4
209 153 4
209 154 4
209 156 3
209 162 3
209 166 3
209 168 4
209 170 4
209 172 4
209 173 4
209 174 4
209 175 4
209 179 4
209 181 3
209 186 3
209 191 3
209 192 3
209 195 4
209 197 4
209 199 4
209 200 3
209 201 3
209 202 3
209 203 3
209 204 4
209 205 3
209 207 4
209 209 3
209 210 3
209 213 4
209 214 3
209 216 3
209 223 4
209 264 3
209 266 4
209 270 3
209 275 4
209 276 3
209 283 4
209 285 4
209 286 3
209 288 3
209 300 3
209 303 3
209 318 4
209 321 3
209 322 2
209 325 1
209 327 2
209 339 2
209 343 1
209 357 4
209 367 3
209 381 3
209 382 3
209 404 3
209 427 4
209 428 4
209 429 4
209 430 4
209 433 3
209 435 4
209 461 3
209 478 3
209 479 4
209 480 4
209 481 3
209 482 3
209 483 4
209 485 4
209 486 3
209 489 4
209 491 3
209 493 4
209 496 3
209 497 3
209 498 4
209 504 3
209 505 3
209 514 4
209 516 3
209 518 3
209 520 4
209 523 4
209 526 4
209 527 4
209 528 4
209 530 3
209 604 3
209 606 3
209 607 3
209 608 4
209 609 2
209 615 3
209 618 3
209 631 3
209 633 3
209 647 3
209 654 3
209 659 3
209 661 4
209 664 3
209 676 1
209 680 5
209 684 3
209 708 3
209 709 4
209 714 1
209 733 2
209 749 2
209 855 3
209 877 3
209 879 3
209 937 3
209 945 2
209 965 4
209 995 4
210 258 3
210 269 2
210 286 1
210 289 2
210 300 3
210 311 3
210 312 5
210 313 4
210 315 3
210 316 3
210 323 3
210 328 4
210 340 1
210 354 2
210 690 3
210 754 5
210 873 1
210 898 4
210 905 3
211 1 4
211 4 3
211 9 4
211 22 4
211 38 2
211 56 4
211 73 3
211 88 3
211 117 3
211 161 3
211 168 4
211 172 4
211 181 4
211 186 3
211 195 4
211 196 4
211 208 4
211 209 4
211 210 4
211 222 3
211 227 3
211 228 4
211 229 3
211 230 3
211 258 4
211 265 4
211 276 3
211 318 4
211 405 3
211 435 4
211 449 3
211 451 3
211 485 3
211 527 3
211 566 3
211 568 3
211 651 4
211 655 4
211 709 3
211 720 2
211 732 3
211 770 3
212 4 3
212 7 3
212 23 4
212 24 3
212 28 3
212 56 4
212 64 4
212 70 3
212 81 3
212 92 3
212 96 4
212 150 3
212 154 3
212 172 4
212 173 4
212 175 4
212 182 4
212 186 3
212 193 3
212 206 3
212 211 3
212 218 3
212 276 3
212 288 3
212 318 4
212 340 2
212 408 4
212 427 4
212 436 3
212 480 4
212 487 3
212 508 3
212 526 3
212 634 2
212 651 3
212 684 3
212 724 3
213 7 3
213 9 4
213 15 3
213 50 4
213 124 4
213 181 3
213 222 3
213 236 2
213 245 2
213 255 3
213 257 3
213 258 3
213 260 2
213 269 4
213 271 2
213 275 3
213 286 3
213 297 2
213 300 3
213 301 3
213 302 4
213 303 2
213 306 2
213 326 1
213 328 3
213 332 2
213 471 3
213 508 3
213 628 3
213 690 3
213 877 2
213 936 4
214 100 4
214 258 3
214 260 2
214 294 2
214 300 3
214 301 3
214 302 4
214 325 2
214 340 3
214 343 2
214 678 2
214 748 2
215 56 4
215 185 4
215 195 4
215 243 3
215 269 3
215 322 1
215 323 2
215 328 1
215 432 3
215 531 3
215 748 1
215 754 2
216 1 4
216 2 3
216 7 4
216 8 5
216 9 5
216 10 3
216 11 5
216 12 5
216 13 5
216 14 2
216 21 3
216 22 4
216 24 3
216 25 3
216 27 3
216 28 4
216 29 2
216 31 5
216 32 5
216 36 1
216 38 3
216 41 4
216 42 3
216 43 3
216 44 3
216 49 4
216 50 5
216 51 3
216 53 3
216 54 4
216 55 3
216 56 3
216 58 3
216 64 4
216 65 4
216 66 3
216 67 4
216 69 4
216 70 4
216 71 5
216 73 3
216 77 4
216 81 4
216 82 3
216 83 1
216 85 5
216 86 3
216 87 3
216 88 4
216 90 3
216 92 4
216 93 2
216 94 3
216 97 4
216 98 4
216 99 5
216 105 2
216 106 1
216 107 3
216 117 4
216 121 4
216 123 3
216 125 4
216 126 4
216 127 3
216 132 5
216 133 1
216 134 5
216 136 2
216 137 4
216 140 5
216 142 4
216 143 4
216 144 5
216 148 5
216 154 3
216 155 4
216 156 4
216 157 3
216 158 4
216 159 3
216 161 4
216 168 3
216 172 4
216 174 4
216 176 5
216 178 4
216 181 5
216 182 3
216 183 5
216 185 5
216 187 4
216 191 4
216 194 3
216 195 3
216 196 5
216 197 4
216 199 4
216 200 3
216 202 3
216 203 4
216 204 4
216 209 4
216 210 4
216 211 4
216 213 2
216 215 4
216 216 4
216 217 2
216 219 5
216 220 2
216 225 4
216 226 4
216 230 4
216 234 4
216 237 3
216 238 3
216 239 5
216 240 2
216 241 3
216 242 3
216 245 4
216 246 4
216 248 4
216 249 4
216 250 5
216 251 5
216 252 5
216 253 3
216 254 3
216 257 5
216 258 5
216 259 2
216 264 3
216 266 2
216 268 1
216 272 3
216 274 3
216 275 3
216 276 3
216 277 3
216 281 3
216 283 1
216 284 2
216 285 5
216 286 5
216 287 2
216 288 4
216 289 2
216 294 5
216 295 3
216 297 3
216 298 3
216 301 5
216 304 2
216 307 5
216 312 1
216 313 4
216 315 5
216 316 1
216 317 4
216 318 4
216 319 5
216 322 3
216 323 1
216 326 4
216 327 3
216 328 1
216 329 3
216 331 2
216 332 5
216 333 2
216 338 5
216 339 3
216 346 4
216 347 2
216 348 3
216 354 3
216 356 4
216 357 5
216 364 3
216 366 3
216 367 2
216 369 3
216 375 1
216 378 4
216 385 4
216 388 1
216 393 3
216 395 3
216 396 4
216 399 5
216 401 2
216 402 3
216 403 3
216 404 4
216 405 3
216 411 2
216 412 3
216 417 2
216 418 3
216 419 3
216 423 4
216 425 5
216 427 4
216 431 5
216 432 1
216 433 1
216 443 3
216 448 4
216 451 3
216 452 2
216 462 2
216 463 5
216 468 3
216 469 2
216 471 4
216 472 3
216 473 1
216 475 1
216 476 3
216 479 3
216 480 4
216 496 5
216 498 4
216 500 3
216 501 2
216 506 3
216 509 4
216 515 1
216 526 4
216 531 5
216 532 4
216 538 5
216 546 3
216 549 4
216 553 2
216 554 2
216 559 1
216 560 1
216 564 2
216 568 4
216 576 2
216 578 3
216 585 3
216 588 3
216 591 4
216 592 1
216 607 5
216 614 3
216 619 3
216 625 3
216 627 3
216 628 4
216 633 4
216 651 4
216 652 2
216 657 5
216 658 3
216 660 3
216 662 5
216 676 1
216 678 4
216 682 2
216 684 4
216 685 3
216 686 3
216 689 1
216 690 5
216 693 3
216 696 2
216 699 4
216 707 2
216 708 3
216 710 2
216 712 3
216 713 3
216 717 3
216 720 2
216 721 3
216 723 3
216 724 4
216 729 3
216 734 2
216 735 3
216 737 3
216 738 2
216 739 3
216 746 3
216 747 3
216 748 3
216 750 3
216 754 5
216 755 3
216 761 3
216 762 3
216 768 3
216 770 2
216 775 3
216 778 4
216 781 3
216 783 3
216 785 2
216 790 3
216 792 2
216 794 3
216 795 2
216 803 1
216 807 1
216 812 1
216 815 3
216 819 4
216 821 3
216 824 2
216 827 3
216 833 3
216 834 1
216 840 5
216 842 2
216 843 4
216 845 3
216 849 2
216 864 2
216 866 4
216 873 1
216 874 2
216 879 4
216 895 2
216 915 3
216 916 3
216 917 2
216 918 2
216 928 2
216 929 2
216 931 1
216 934 3
216 936 3
216 937 3
216 938 2
216 941 2
216 955 3
216 959 3
216 966 3
216 972 2
216 975 3
216 980 3
216 985 3
216 990 3
216 997 1
217 1 4
217 3 2
217 5 3
217 7 4
217 11 3
217 12 4
217 13 3
217 15 3
217 16 5
217 17 3
217 20 1
217 23 3
217 27 4
217 29 2
217 32 3
217 39 3
217 42 3
217 44 4
217 47 2
217 50 4
217 51 3
217 55 3
217 56 3
217 58 3
217 62 3
217 63 3
217 64 4
217 65 3
217 67 3
217 68 3
217 69 3
217 70 3
217 72 3
217 73 3
217 77 3
217 78 3
217 79 3
217 80 3
217 81 3
217 82 3
217 83 3
217 89 4
217 91 3
217 95 3
217 96 4
217 97 4
217 98 3
217 99 4
217 100 4
217 101 2
217 106 2
217 109 3
217 118 3
217 120 2
217 122 1
217 123 3
217 125 3
217 127 3
217 131 2
217 132 4
217 135 4
217 139 2
217 142 2
217 144 3
217 145 1
217 147 3
217 154 3
217 157 3
217 159 3
217 162 2
217 164 3
217 167 3
217 168 4
217 169 4
217 171 3
217 172 4
217 173 4
217 174 4
217 176 4
217 178 3
217 179 3
217 181 4
217 182 3
217 183 4
217 184 3
217 186 4
217 190 4
217 195 4
217 196 4
217 198 3
217 200 3
217 201 3
217 202 3
217 206 3
217 207 4
217 208 4
217 214 3
217 216 3
217 217 2
217 218 3
217 219 1
217 222 3
217 223 4
217 226 3
217 228 4
217 232 2
217 234 3
217 235 2
217 242 5
217 245 4
217 246 5
217 248 3
217 250 2
217 252 3
217 255 4
217 257 3
217 258 4
217 260 1
217 264 2
217 265 4
217 270 2
217 273 2
217 286 3
217 288 3
217 290 4
217 293 5
217 294 3
217 298 4
217 323 4
217 324 3
217 325 1
217 326 3
217 340 1
217 357 3
217 358 5
217 364 1
217 367 3
217 373 3
217 380 3
217 382 3
217 385 3
217 386 2
217 388 3
217 391 2
217 392 3
217 393 3
217 395 2
217 396 4
217 399 3
217 402 3
217 403 3
217 404 4
217 413 1
217 419 3
217 420 3
217 421 3
217 422 2
217 423 4
217 425 3
217 428 4
217 431 3
217 433 3
217 436 4
217 441 1
217 444 1
217 447 3
217 449 2
217 451 3
217 452 3
217 461 3
217 465 3
217 472 2
217 474 3
217 475 1
217 483 4
217 484 4
217 485 4
217 498 3
217 501 3
217 508 3
217 513 4
217 518 4
217 541 2
217 544 3
217 545 1
217 546 3
217 551 5
217 552 2
217 555 3
217 559 2
217 561 1
217 562 3
217 563 2
217 574 1
217 578 2
217 579 2
217 582 3
217 596 3
217 597 3
217 614 3
217 616 3
217 625 3
217 628 3
217 631 2
217 636 3
217 638 3
217 640 3
217 642 3
217 655 3
217 658 3
217 665 1
217 668 5
217 669 4
217 674 1
217 679 3
217 684 3
217 685 3
217 692 3
217 708 2
217 709 4
217 710 3
217 715 2
217 723 3
217 725 2
217 727 5
217 728 2
217 732 3
217 742 4
217 746 3
217 747 3
217 748 2
217 758 2
217 762 2
217 764 1
217 765 3
217 767 1
217 769 3
217 774 1
217 778 3
217 781 3
217 783 2
217 792 3
217 796 3
217 797 2
217 800 4
217 804 2
217 809 3
217 810 2
217 815 3
217 825 2
217 827 3
217 831 1
217 849 2
217 855 3
217 871 3
217 895 2
217 923 4
217 928 3
217 940 2
217 943 3
217 944 2
217 946 2
217 963 5
217 979 5
217 999 3
217 1000 3
218 258 3
218 269 3
218 288 3
218 301 3
218 302 4
218 313 4
218 327 3
218 328 3
218 331 2
218 362 2
218 750 3
218 895 3
218 899 3
219 50 4
219 79 3
219 89 4
219 100 4
219 173 2
219 181 3
219 223 4
219 257 3
219 275 4
219 286 4
219 405 1
219 478 4
219 488 3
219 615 4
219 617 3
219 705 4
220 19 3
220 86 4
220 100 4
220 116 3
220 137 3
220 251 3
220 275 3
220 283 3
220 302 4
220 319 3
220 331 2
220 408 3
220 475 3
220 478 3
220 508 3
220 513 4
220 603 4
220 750 3
220 753 2
221 4 3
221 7 4
221 11 3
221 12 4
221 50 4
221 56 4
221 82 3
221 87 3
221 89 4
221 96 4
221 100 4
221 117 3
221 124 4
221 127 4
221 129 3
221 144 3
221 156 4
221 164 3
221 172 4
221 174 4
221 175 4
221 176 4
221 182 4
221 183 4
221 185 4
221 194 4
221 200 3
221 213 4
221 218 3
221 219 2
221 238 4
221 302 4
221 333 1
221 443 3
221 448 3
221 466 3
221 516 3
221 517 3
221 653 3
221 657 4
221 672 2
221 709 4
221 879 3
221 914 1
221 915 3
222 1 4
222 15 3
222 50 4
222 53 2
222 98 4
222 100 4
222 109 1
222 117 3
222 124 4
222 126 3
222 127 4
222 129 3
222 137 4
222 151 3
222 181 3
222 184 2
222 200 4
222 201 4
222 217 2
222 219 2
222 222 3
222 235 2
222 250 3
222 257 4
222 258 4
222 260 2
222 270 3
222 273 4
222 276 3
222 286 4
222 287 4
222 288 3
222 293 4
222 294 2
222 299 1
222 307 2
222 324 3
222 326 3
222 327 2
222 334 3
222 370 1
222 379 3
222 396 2
222 410 3
222 436 4
222 447 4
222 448 1
222 452 1
222 458 1
222 475 4
222 477 3
222 515 4
222 551 1
222 558 3
222 559 1
222 561 3
222 590 1
222 665 2
222 670 4
222 671 4
222 672 3
222 682 3
222 742 3
222 760 1
222 854 1
222 867 3
222 919 3
222 922 3
222 926 1
223 9 3
223 15 4
223 127 3
223 148 3
223 237 3
223 245 3
223 258 3
223 269 4
223 272 4
223 276 3
223 282 3
223 286 3
223 299 3
223 300 3
223 304 3
223 307 2
223 310 3
223 313 4
223 315 4
223 322 3
223 323 2
223 326 2
223 327 3
223 328 3
223 329 3
223 333 3
223 340 3
223 344 3
223 347 3
223 355 3
223 471 3
223 546 2
223 591 3
223 628 3
223 678 2
223 689 2
223 696 2
223 744 3
223 748 2
223 750 3
223 754 3
223 823 2
223 879 3
223 898 3
223 924 2
223 977 2
224 1 3
224 14 4
224 15 3
224 25 3
224 50 4
224 100 4
224 115 4
224 127 4
224 151 4
224 172 4
224 243 2
224 261 1
224 275 4
224 288 3
224 289 2
224 310 3
224 323 2
224 333 3
224 427 4
224 508 3
224 538 3
224 681 1
224 683 1
224 689 3
224 882 1
225 1 3
225 2 3
225 7 4
225 17 2
225 22 4
225 24 3
225 32 4
225 38 2
225 39 3
225 53 2
225 55 3
225 62 3
225 68 3
225 79 4
225 82 3
225 83 3
225 98 4
225 100 4
225 117 3
225 118 2
225 121 3
225 124 4
225 127 4
225 144 4
225 147 3
225 156 3
225 168 4
225 171 4
225 172 4
225 174 4
225 176 4
225 177 3
225 178 4
225 180 4
225 183 4
225 185 4
225 187 4
225 188 3
225 191 3
225 195 4
225 198 4
225 200 4
225 201 3
225 204 3
225 207 3
225 209 4
225 210 3
225 218 3
225 222 3
225 227 3
225 229 3
225 230 3
225 231 2
225 232 2
225 234 4
225 241 3
225 244 2
225 250 3
225 252 2
225 257 3
225 259 2
225 271 2
225 272 4
225 273 3
225 281 2
225 286 3
225 288 3
225 298 3
225 302 3
225 305 2
225 307 4
225 310 3
225 313 3
225 316 4
225 318 4
225 322 2
225 323 2
225 324 3
225 325 2
225 327 3
225 333 3
225 338 2
225 340 3
225 343 2
225 346 4
225 355 3
225 357 4
225 358 2
225 362 3
225 363 3
225 379 2
225 385 3
225 398 2
225 424 1
225 429 4
225 445 2
225 447 4
225 448 3
225 452 2
225 474 4
225 475 4
225 491 3
225 515 4
225 520 4
225 522 2
225 529 3
225 538 2
225 540 2
225 550 3
225 562 3
225 566 3
225 568 3
225 573 3
225 576 2
225 583 3
225 590 1
225 597 3
225 636 3
225 669 1
225 670 3
225 675 4
225 678 2
225 679 2
225 686 3
225 690 3
225 748 2
225 750 4
225 751 3
225 759 2
225 823 3
225 825 2
225 831 1
225 841 3
225 853 4
225 877 2
225 879 3
225 895 2
225 912 1
225 943 3
225 976 1
226 23 4
226 50 4
226 98 4
226 99 3
226 133 3
226 134 4
226 135 4
226 168 4
226 174 4
226 178 4
226 182 4
226 185 4
226 191 4
226 196 4
226 197 4
226 199 4
226 200 3
226 204 4
226 208 4
226 211 4
226 318 4
226 418 3
226 427 4
226 428 3
226 430 3
226 432 4
226 435 4
226 474 4
226 478 4
226 480 4
226 483 4
226 486 4
226 488 3
226 490 4
226 491 3
226 492 3
226 493 4
226 494 3
226 504 3
226 505 3
226 510 4
226 511 4
226 524 3
226 525 4
226 526 3
226 601 3
226 603 4
226 605 3
226 606 3
226 607 3
226 608 4
226 610 4
226 613 4
226 614 3
226 616 3
226 631 2
226 633 3
226 646 3
226 648 3
226 651 4
226 653 4
226 654 4
226 655 4
226 657 4
226 673 3
226 705 4
226 754 2
226 835 3
226 836 3
226 848 3
227 245 3
227 258 3
227 263 1
227 286 3
227 292 3
227 300 3
227 302 3
227 303 3
227 304 2
227 319 2
227 332 3
227 341 1
227 359 1
227 680 1
227 681 2
227 682 2
227 688 1
227 874 2
228 243 2
228 259 2
228 268 3
228 271 2
228 272 4
228 286 3
228 289 4
228 294 3
228 300 3
228 301 3
228 305 3
228 307 3
228 312 3
228 313 4
228 322 3
228 323 2
228 326 3
228 329 3
228 332 2
228 334 2
228 338 2
228 344 3
228 350 1
228 538 2
228 690 2
228 750 3
228 875 1
228 877 2
228 879 3
228 886 2
228 896 2
228 908 1
228 988 1
229 1 3
229 2 1
229 3 2
229 4 4
229 7 4
229 8 5
229 12 2
229 15 3
229 21 4
229 22 3
229 23 3
229 24 4
229 26 5
229 28 4
229 31 5
229 32 5
229 45 3
229 47 4
229 48 3
229 50 3
229 52 3
229 53 2
229 55 2
229 56 4
229 58 2
229 62 5
229 63 2
229 64 5
229 66 1
229 68 1
229 69 2
229 70 3
229 72 3
229 73 4
229 77 1
229 79 3
229 81 4
229 82 3
229 83 2
229 85 4
229 86 3
229 87 4
229 88 1
229 89 5
229 90 1
229 91 1
229 92 5
229 93 1
229 95 3
229 96 3
229 97 3
229 101 5
229 109 4
229 114 5
229 117 5
229 118 5
229 123 5
229 124 3
229 127 5
229 128 1
229 132 5
229 133 3
229 134 5
229 137 1
229 140 2
229 141 5
229 143 1
229 144 5
229 150 4
229 151 3
229 153 4
229 154 4
229 157 4
229 159 3
229 161 1
229 162 2
229 163 3
229 164 5
229 165 4
229 166 2
229 168 4
229 170 4
229 172 5
229 174 5
229 178 1
229 179 5
229 181 3
229 183 4
229 184 4
229 185 3
229 186 4
229 188 4
229 190 4
229 191 5
229 193 5
229 195 4
229 197 5
229 201 3
229 202 4
229 203 5
229 207 1
229 208 4
229 209 5
229 210 4
229 211 4
229 214 5
229 216 1
229 218 4
229 219 1
229 223 5
229 225 5
229 229 3
229 232 2
229 233 5
229 237 3
229 238 4
229 248 3
229 249 4
229 250 4
229 258 4
229 264 5
229 265 3
229 273 1
229 274 4
229 275 3
229 276 3
229 277 5
229 280 3
229 281 2
229 282 3
229 283 5
229 288 3
229 290 4
229 291 5
229 298 3
229 301 2
229 318 3
229 319 2
229 321 3
229 340 2
229 356 1
229 365 1
229 366 3
229 367 4
229 371 1
229 378 2
229 385 3
229 387 3
229 392 1
229 393 2
229 403 4
229 404 1
229 405 5
229 410 1
229 411 2
229 415 1
229 418 2
229 419 1
229 423 3
229 427 4
229 428 4
229 431 2
229 432 3
229 433 4
229 435 4
229 436 4
229 441 1
229 448 1
229 455 4
229 457 1
229 464 4
229 466 2
229 467 3
229 468 2
229 470 1
229 473 4
229 475 4
229 480 4
229 481 4
229 482 3
229 483 3
229 484 3
229 485 3
229 491 5
229 493 5
229 495 1
229 496 4
229 499 5
229 500 3
229 502 3
229 504 5
229 505 1
229 508 1
229 511 4
229 514 3
229 520 2
229 527 3
229 531 4
229 535 2
229 537 3
229 546 5
229 549 3
229 550 3
229 566 2
229 568 3
229 569 4
229 570 3
229 578 5
229 581 3
229 584 3
229 591 5
229 602 4
229 603 2
229 611 3
229 625 2
229 627 1
229 628 4
229 629 1
229 631 3
229 633 4
229 635 1
229 636 3
229 640 3
229 642 5
229 652 3
229 654 4
229 655 4
229 658 1
229 662 3
229 665 1
229 671 3
229 672 1
229 673 4
229 679 5
229 684 2
229 692 3
229 693 3
229 700 1
229 702 2
229 705 4
229 708 4
229 709 3
229 710 1
229 726 1
229 729 2
229 732 4
229 735 5
229 742 3
229 744 3
229 747 1
229 755 2
229 756 2
229 761 1
229 762 4
229 763 2
229 768 5
229 780 2
229 794 1
229 804 1
229 805 3
229 806 2
229 820 5
229 826 3
229 833 2
229 845 5
229 847 1
229 921 1
229 928 1
229 941 2
229 944 2
229 961 4
229 967 3
229 972 3
230 9 4
230 10 4
230 12 4
230 19 4
230 42 4
230 50 3
230 56 5
230 98 4
230 100 4
230 101 2
230 117 2
230 129 3
230 137 4
230 152 5
230 164 3
230 165 3
230 181 3
230 221 3
230 222 2
230 234 4
230 237 3
230 248 3
230 253 4
230 258 4
230 264 2
230 273 4
230 276 4
230 286 3
230 288 2
230 293 3
230 294 3
230 300 3
230 302 4
230 318 4
230 328 1
230 436 5
230 514 3
230 515 4
230 527 4
230 528 4
230 547 1
230 628 3
230 674 2
231 286 3
231 307 3
231 322 3
231 323 3
231 327 3
231 358 1
231 538 2
231 690 3
231 748 3
231 879 3
231 988 3
232 1 3
232 7 3
232 24 3
232 50 4
232 93 3
232 100 4
232 108 2
232 109 3
232 111 3
232 117 3
232 118 3
232 121 3
232 123 3
232 151 3
232 181 4
232 222 3
232 246 4
232 248 3
232 249 3
232 250 3
232 257 4
232 258 4
232 274 3
232 276 3
232 284 3
232 294 3
232 295 3
232 300 3
232 315 3
232 322 3
232 405 3
232 410 3
232 411 2
232 471 3
232 508 3
232 546 2
232 620 3
232 628 3
232 678 3
232 742 3
232 763 3
232 815 2
232 844 1
232 845 3
233 59 4
233 60 3
233 95 3
233 173 4
233 174 4
233 194 4
233 246 4
233 268 4
233 269 3
233 273 3
233 276 3
233 293 3
233 302 4
233 303 3
233 322 2
233 323 2
233 326 3
233 333 3
233 340 3
233 435 4
233 474 4
233 507 3
233 657 4
233 682 2
233 690 3
233 748 2
233 754 4
233 919 3
234 9 4
234 111 3
234 121 3
234 125 3
234 147 3
234 148 3
234 151 3
234 225 3
234 274 3
234 275 4
234 283 3
234 287 3
234 288 3
234 347 2
234 369 2
234 406 1
234 471 3
234 476 3
234 546 3
234 628 3
234 756 2
234 763 3
234 815 3
234 819 1
234 833 2
234 844 1
234 928 2
234 975 2
235 1 3
235 3 2
235 4 3
235 5 3
235 7 3
235 9 3
235 11 4
235 12 5
235 15 3
235 21 4
235 22 5
235 23 2
235 24 2
235 25 4
235 27 5
235 28 3
235 31 5
235 38 2
235 40 4
235 42 2
235 45 2
235 49 2
235 50 4
235 52 5
235 54 2
235 62 3
235 63 1
235 64 4
235 67 1
235 68 3
235 69 4
235 71 4
235 72 3
235 73 3
235 80 2
235 82 1
235 83 5
235 85 3
235 86 5
235 89 5
235 95 4
235 96 5
235 100 4
235 105 1
235 108 1
235 109 5
235 111 3
235 115 3
235 117 3
235 118 3
235 121 3
235 122 3
235 123 1
235 125 3
235 128 2
235 132 4
235 135 5
235 136 3
235 141 3
235 148 2
235 151 3
235 152 5
235 153 1
235 154 3
235 156 5
235 157 5
235 159 3
235 160 1
235 161 5
235 162 1
235 163 5
235 164 1
235 167 1
235 168 5
235 171 4
235 172 4
235 173 2
235 174 3
235 175 3
235 176 1
235 182 4
235 183 1
235 184 2
235 185 2
235 186 1
235 187 2
235 188 4
235 190 5
235 191 4
235 195 4
235 196 2
235 199 2
235 200 1
235 204 2
235 206 3
235 211 3
235 214 4
235 215 5
235 216 5
235 217 1
235 218 2
235 219 2
235 222 4
235 225 5
235 226 3
235 227 2
235 228 5
235 229 2
235 230 3
235 234 5
235 239 2
235 240 2
235 245 3
235 246 4
235 250 5
235 252 2
235 254 1
235 255 3
235 257 3
235 258 3
235 260 1
235 264 1
235 273 4
235 284 3
235 290 2
235 291 2
235 294 3
235 299 3
235 300 3
235 307 1
235 313 4
235 317 5
235 318 4
235 321 3
235 327 3
235 331 3
235 338 3
235 343 3
235 351 2
235 354 3
235 357 5
235 358 2
235 367 1
235 369 5
235 376 1
235 380 3
235 381 5
235 382 1
235 384 3
235 385 5
235 386 3
235 392 2
235 393 1
235 394 3
235 399 3
235 402 2
235 403 3
235 404 2
235 410 2
235 411 2
235 413 1
235 423 4
235 424 5
235 431 3
235 433 3
235 434 4
235 435 5
235 436 5
235 443 5
235 447 1
235 448 3
235 451 2
235 455 5
235 462 3
235 465 2
235 470 2
235 473 2
235 474 5
235 476 3
235 520 5
235 541 1
235 542 3
235 546 2
235 550 3
235 554 3
235 561 2
235 566 2
235 567 1
235 568 1
235 569 1
235 571 3
235 572 3
235 573 5
235 576 2
235 577 3
235 578 4
235 584 5
235 587 3
235 588 5
235 597 3
235 616 3
235 625 3
235 628 4
235 631 5
235 637 5
235 640 5
235 649 5
235 652 4
235 655 3
235 659 5
235 665 3
235 672 1
235 673 2
235 675 1
235 679 4
235 684 4
235 693 3
235 696 2
235 697 1
235 710 3
235 713 2
235 715 2
235 717 4
235 720 1
235 729 4
235 732 4
235 743 1
235 746 3
235 748 2
235 751 3
235 752 2
235 756 5
235 760 1
235 762 2
235 780 1
235 781 5
235 786 3
235 790 1
235 792 1
235 797 2
235 800 2
235 820 4
235 821 2
235 825 1
235 826 5
235 831 1
235 834 5
235 841 1
235 845 2
235 862 2
235 885 1
235 890 5
235 895 4
235 924 2
235 926 2
235 928 1
235 929 1
235 943 3
235 944 1
235 961 5
235 977 1
235 983 1
236 21 2
236 23 4
236 26 3
236 38 2
236 39 2
236 43 1
236 47 3
236 65 3
236 66 3
236 72 2
236 73 2
236 83 3
236 90 2
236 92 3
236 95 3
236 96 3
236 98 4
236 102 2
236 111 3
236 125 3
236 132 3
236 133 3
236 157 3
236 159 2
236 161 3
236 168 4
236 172 3
236 174 4
236 179 3
236 186 4
236 200 3
236 204 4
236 215 3
236 216 3
236 217 3
236 218 3
236 219 2
236 226 3
236 238 4
236 265 4
236 276 3
236 287 3
236 288 3
236 313 4
236 325 2
236 327 3
236 340 3
236 347 2
236 367 3
236 381 3
236 392 3
236 400 1
236 411 2
236 433 3
236 447 4
236 454 2
236 503 3
236 504 4
236 506 3
236 537 3
236 546 2
236 553 3
236 559 3
236 568 3
236 581 3
236 585 3
236 595 3
236 628 3
236 642 3
236 649 4
236 655 4
236 658 3
236 660 3
236 708 3
236 710 3
236 715 3
236 721 2
236 723 1
236 739 3
236 742 3
236 746 3
236 748 2
236 761 1
236 762 3
236 785 1
236 787 2
236 790 2
236 794 1
236 821 2
236 845 3
236 895 2
236 974 1
237 5 1
237 11 5
237 12 4
237 14 4
237 28 3
237 30 4
237 42 4
237 47 4
237 50 4
237 56 4
237 58 4
237 65 2
237 69 3
237 70 3
237 77 3
237 79 3
237 82 2
237 83 3
237 86 4
237 87 3
237 88 3
237 89 4
237 90 5
237 91 3
237 95 3
237 97 3
237 98 5
237 99 4
237 111 1
237 116 3
237 118 4
237 124 5
237 131 3
237 132 4
237 133 4
237 134 4
237 137 4
237 143 3
237 144 5
237 145 4
237 151 5
237 154 4
237 155 5
237 161 5
237 162 3
237 166 3
237 168 4
237 170 4
237 173 4
237 174 4
237 176 4
237 179 5
237 180 3
237 181 4
237 183 3
237 185 4
237 186 3
237 190 5
237 191 4
237 195 4
237 197 4
237 204 3
237 207 4
237 208 3
237 211 4
237 212 2
237 213 4
237 214 1
237 216 4
237 217 3
237 218 2
237 219 1
237 229 1
237 234 4
237 237 3
237 238 4
237 239 1
237 244 1
237 253 3
237 254 3
237 265 3
237 275 4
237 276 2
237 281 5
237 283 3
237 286 4
237 287 1
237 288 2
237 292 3
237 301 3
237 318 5
237 378 3
237 381 2
237 393 1
237 402 3
237 404 2
237 412 1
237 415 3
237 418 3
237 419 2
237 421 5
237 423 4
237 428 4
237 432 3
237 433 3
237 435 4
237 436 1
237 447 5
237 450 4
237 451 3
237 463 3
237 466 4
237 473 5
237 478 3
237 480 3
237 482 3
237 483 4
237 484 4
237 485 3
237 496 4
237 497 3
237 499 3
237 501 3
237 507 3
237 512 3
237 514 4
237 517 3
237 518 4
237 521 3
237 523 4
237 559 5
237 566 4
237 581 4
237 582 3
237 583 3
237 584 4
237 588 2
237 603 3
237 607 2
237 614 3
237 629 2
237 640 4
237 642 3
237 651 1
237 652 2
237 654 3
237 655 3
237 657 3
237 660 4
237 663 2
237 665 1
237 672 1
237 674 5
237 683 5
237 684 4
237 692 1
237 696 2
237 697 5
237 698 3
237 699 3
237 702 3
237 705 3
237 707 3
237 708 3
237 709 4
237 710 2
237 727 5
237 730 4
237 732 2
237 736 2
237 737 3
237 739 2
237 746 4
237 747 2
237 748 2
237 753 2
237 755 4
237 770 5
237 778 2
237 781 4
237 794 1
237 812 5
237 842 3
237 843 3
237 946 3
237 955 4
237 969 2
238 15 3
238 21 2
238 100 4
238 118 3
238 121 3
238 181 4
238 220 2
238 237 3
238 245 2
238 255 3
238 269 4
238 280 3
238 286 3
238 321 3
238 471 3
238 476 2
238 815 2
238 866 3
239 7 3
239 13 3
239 14 3
239 100 4
239 121 3
239 147 3
239 237 3
239 240 3
239 242 4
239 246 4
239 257 3
239 273 3
239 276 3
239 282 3
239 285 3
239 288 3
239 301 3
239 405 3
239 475 4
239 591 3
239 895 2
240 70 4
240 171 1
240 198 2
240 242 4
240 243 1
240 271 4
240 272 3
240 283 5
240 300 3
240 310 3
240 312 3
240 313 5
240 328 3
240 329 1
240 340 4
240 350 2
240 512 4
240 515 3
240 582 2
240 690 3
240 736 3
240 749 4
240 750 4
240 751 1
240 886 3
240 904 3
240 921 2
240 937 3
241 1 3
241 7 3
241 9 3
241 15 4
241 25 3
241 121 3
241 259 2
241 288 3
241 294 3
241 683 2
242 7 1
242 11 4
242 12 4
242 14 4
242 17 3
242 22 2
242 26 3
242 27 4
242 29 1
242 31 1
242 33 5
242 38 3
242 39 4
242 41 1
242 42 1
242 44 5
242 53 2
242 54 1
242 55 2
242 56 1
242 62 3
242 64 5
242 67 1
242 68 3
242 79 4
242 82 3
242 98 3
242 100 5
242 117 1
242 129 5
242 144 3
242 150 2
242 154 5
242 156 5
242 159 5
242 161 2
242 168 1
242 174 5
242 176 5
242 177 1
242 182 5
242 184 3
242 186 5
242 195 5
242 203 3
242 204 4
242 209 3
242 210 2
242 219 5
242 226 4
242 228 5
242 229 2
242 230 5
242 231 2
242 234 3
242 240 1
242 273 4
242 276 4
242 281 1
242 286 4
242 288 1
242 294 2
242 318 4
242 342 5
242 350 3
242 367 4
242 385 2
242 401 1
242 403 4
242 410 1
242 436 3
242 449 3
242 452 3
242 482 3
242 508 3
242 546 2
242 554 2
242 559 1
242 569 3
242 572 3
242 576 2
242 578 2
242 591 1
242 628 1
242 635 3
242 636 3
242 672 2
242 684 3
242 685 1
242 695 5
242 710 2
242 746 4
242 769 1
242 780 3
242 800 2
242 810 2
242 834 3
242 873 1
242 943 1
242 975 3
243 12 4
243 271 2
243 309 2
243 313 4
243 340 3
243 343 3
243 358 2
243 644 4
243 678 2
243 687 1
244 9 4
244 50 4
244 100 4
244 245 3
244 251 4
244 258 4
244 275 3
244 748 3
244 751 3
244 906 3
244 912 1
244 916 2
245 7 3
245 9 4
245 23 4
245 28 3
245 50 4
245 55 4
245 64 4
245 79 3
245 87 4
245 100 4
245 117 4
245 118 3
245 121 3
245 123 3
245 127 4
245 144 3
245 147 3
245 150 4
245 174 4
245 181 4
245 195 3
245 203 3
245 204 3
245 208 4
245 209 4
245 221 3
245 235 3
245 237 3
245 245 3
245 246 4
245 248 3
245 273 3
245 276 3
245 291 2
245 293 3
245 295 3
245 310 3
245 313 4
245 324 3
245 325 2
245 330 1
245 333 3
245 340 3
245 346 3
245 405 3
245 408 4
245 410 3
245 460 2
245 475 4
245 479 4
245 480 3
245 504 3
245 544 3
245 591 3
245 595 3
245 597 3
245 603 4
245 628 3
245 644 4
245 689 2
245 742 3
245 744 3
245 748 2
245 762 3
245 763 3
245 818 3
245 823 2
245 829 3
245 831 1
245 840 1
245 844 1
245 845 3
245 881 2
245 886 3
245 895 2
245 908 1
245 919 3
245 959 3
245 979 3
246 268 3
246 269 3
246 270 3
246 288 2
246 292 3
246 294 3
246 301 3
246 302 3
246 303 3
246 326 3
246 327 2
246 328 3
246 332 3
246 334 2
246 359 1
246 688 2
246 690 3
246 754 3
246 883 3
246 887 4
246 888 2
247 1 3
247 5 2
247 7 3
247 9 3
247 11 3
247 17 2
247 27 2
247 28 3
247 31 3
247 55 3
247 56 4
247 65 2
247 68 2
247 69 3
247 70 3
247 89 4
247 91 3
247 96 4
247 98 4
247 100 4
247 111 3
247 117 3
247 123 2
247 135 4
247 144 3
247 147 3
247 148 3
247 150 3
247 151 3
247 153 3
247 156 3
247 157 4
247 158 1
247 174 4
247 176 4
247 180 3
247 183 4
247 204 3
247 206 3
247 209 3
247 218 3
247 222 3
247 227 3
247 231 2
247 233 2
247 234 3
247 248 3
247 252 2
247 260 2
247 281 3
247 284 3
247 286 3
247 288 3
247 290 3
247 293 3
247 298 3
247 300 3
247 367 2
247 405 3
247 410 2
247 435 4
247 447 3
247 469 3
247 470 3
247 483 4
247 484 4
247 498 3
247 544 2
247 546 3
247 559 2
247 582 3
247 591 3
247 597 3
247 629 3
247 642 3
247 678 2
247 742 3
247 748 3
247 760 1
247 815 3
247 823 2
247 845 3
247 866 3
247 926 2
247 963 3
247 981 1
248 262 3
248 268 2
248 269 3
248 271 2
248 286 1
248 292 4
248 301 3
248 303 3
248 305 3
248 307 1
248 319 3
248 321 2
248 327 2
248 333 3
248 338 1
248 340 3
248 344 2
248 750 4
248 884 1
248 896 3
248 900 3
248 902 1
249 9 5
249 15 3
249 59 4
249 60 3
249 61 3
249 100 1
249 117 5
249 118 4
249 122 1
249 127 5
249 137 1
249 170 2
249 171 3
249 179 4
249 212 5
249 224 5
249 248 3
249 251 2
249 269 3
249 273 1
249 276 1
249 285 1
249 286 3
249 288 4
249 291 4
249 293 2
249 310 2
249 337 5
249 381 1
249 410 5
249 459 4
249 473 5
249 546 3
249 558 2
249 742 3
249 748 1
249 753 4
249 763 1
249 936 4
249 983 1
250 1 4
250 2 3
250 3 5
250 4 2
250 7 5
250 10 4
250 12 4
250 13 4
250 15 4
250 26 4
250 28 4
250 29 2
250 35 2
250 38 4
250 39 3
250 49 4
250 51 4
250 54 3
250 56 3
250 58 3
250 60 5
250 64 4
250 65 4
250 66 3
250 67 5
250 70 3
250 71 3
250 73 4
250 77 4
250 79 4
250 80 3
250 81 1
250 82 4
250 83 4
250 86 4
250 87 4
250 88 4
250 89 4
250 90 2
250 92 4
250 94 3
250 95 4
250 97 4
250 98 4
250 99 3
250 100 4
250 101 5
250 110 3
250 112 1
250 114 4
250 117 1
250 121 4
250 123 4
250 125 3
250 126 4
250 127 5
250 131 4
250 132 4
250 133 4
250 134 4
250 135 3
250 136 4
250 139 1
250 141 5
250 142 1
250 143 4
250 144 3
250 145 1
250 152 2
250 153 3
250 154 3
250 155 4
250 157 1
250 158 4
250 161 3
250 162 3
250 163 4
250 164 5
250 166 3
250 167 4
250 168 4
250 169 5
250 173 3
250 174 4
250 176 2
250 177 4
250 179 3
250 180 3
250 182 3
250 183 4
250 185 4
250 187 4
250 191 4
250 192 3
250 193 4
250 194 3
250 195 3
250 196 4
250 197 4
250 199 3
250 200 4
250 202 3
250 203 3
250 204 4
250 205 2
250 207 5
250 208 4
250 210 4
250 211 4
250 215 3
250 216 3
250 218 4
250 222 1
250 223 4
250 225 5
250 226 4
250 227 4
250 229 3
250 231 1
250 233 5
250 237 3
250 238 4
250 239 4
250 241 3
250 245 4
250 252 2
250 254 3
250 258 5
250 264 1
250 265 4
250 269 5
250 270 1
250 272 2
250 274 2
250 275 4
250 277 4
250 278 1
250 280 3
250 281 3
250 282 5
250 283 5
250 288 2
250 290 3
250 292 2
250 294 3
250 299 1
250 300 5
250 301 1
250 302 1
250 304 3
250 305 2
250 310 4
250 311 3
250 312 2
250 313 5
250 315 4
250 316 5
250 328 4
250 332 1
250 340 1
250 354 1
250 357 4
250 367 3
250 371 2
250 373 2
250 378 3
250 380 2
250 381 3
250 382 3
250 383 1
250 384 2
250 385 3
250 387 3
250 393 2
250 395 1
250 396 3
250 400 1
250 401 2
250 402 3
250 414 3
250 416 2
250 417 2
250 418 2
250 419 2
250 421 4
250 422 4
250 428 3
250 431 2
250 432 3
250 433 4
250 434 3
250 435 4
250 443 3
250 448 4
250 451 2
250 455 3
250 462 3
250 465 2
250 467 4
250 469 3
250 470 1
250 471 1
250 472 3
250 474 3
250 476 2
250 477 3
250 478 4
250 479 4
250 480 4
250 481 2
250 482 4
250 483 4
250 484 3
250 487 4
250 488 2
250 490 4
250 491 3
250 493 4
250 494 3
250 495 3
250 496 4
250 497 4
250 499 4
250 500 3
250 502 4
250 503 3
250 505 3
250 506 4
250 507 2
250 509 4
250 510 3
250 511 4
250 514 4
250 518 3
250 520 3
250 523 3
250 525 5
250 526 3
250 527 4
250 528 4
250 530 3
250 535 1
250 549 3
250 550 5
250 553 2
250 557 5
250 558 5
250 559 3
250 561 1
250 566 4
250 568 4
250 570 3
250 582 3
250 583 5
250 589 1
250 591 4
250 602 4
250 604 3
250 606 3
250 607 3
250 608 3
250 609 3
250 610 4
250 611 4
250 612 3
250 613 4
250 614 3
250 618 4
250 620 3
250 622 3
250 629 3
250 630 1
250 631 3
250 632 3
250 633 3
250 637 2
250 642 3
250 647 3
250 648 3
250 650 4
250 651 4
250 655 4
250 657 4
250 659 3
250 660 3
250 661 4
250 663 4
250 673 4
250 679 2
250 685 5
250 686 5
250 689 1
250 692 3
250 693 3
250 700 1
250 704 4
250 705 3
250 707 3
250 708 3
250 709 4
250 710 1
250 712 1
250 714 3
250 715 4
250 716 3
250 717 3
250 723 5
250 727 3
250 728 1
250 729 3
250 731 4
250 735 4
250 736 3
250 742 3
250 747 3
250 748 5
250 751 5
250 761 3
250 762 3
250 765 2
250 771 1
250 774 1
250 775 2
250 778 1
250 783 3
250 785 2
250 790 3
250 792 4
250 794 3
250 801 2
250 807 1
250 815 5
250 821 2
250 823 1
250 832 5
250 837 4
250 842 3
250 845 4
250 846 3
250 847 2
250 865 3
250 869 3
250 873 1
250 878 1
250 900 3
250 902 5
250 904 1
250 905 3
250 908 1
250 921 5
250 923 4
250 926 2
250 928 1
250 934 1
250 936 5
250 939 2
250 940 2
250 942 5
250 951 2
250 956 4
250 965 3
250 966 3
250 967 3
250 969 2
251 242 4
251 243 2
251 259 3
251 260 2
251 262 4
251 268 3
251 269 3
251 270 4
251 286 4
251 288 1
251 289 3
251 292 3
251 294 3
251 299 4
251 300 2
251 301 3
251 303 3
251 305 3
251 307 2
251 308 3
251 319 3
251 322 3
251 323 2
251 325 1
251 327 3
251 328 4
251 329 3
251 330 1
251 331 2
251 332 3
251 333 3
251 336 1
251 337 1
251 359 1
251 360 1
251 457 1
251 680 1
251 681 1
251 682 1
251 687 1
251 749 1
251 872 1
251 874 2
251 875 1
251 877 1
251 879 3
251 880 2
251 881 2
251 882 1
251 883 1
251 884 2
251 937 2
251 938 2
251 984 3
251 989 1
251 991 1
251 995 3
252 7 4
252 8 4
252 14 4
252 22 4
252 25 3
252 27 2
252 45 3
252 48 4
252 52 4
252 58 3
252 60 4
252 61 4
252 62 3
252 64 4
252 66 2
252 69 3
252 70 3
252 73 3
252 86 4
252 88 3
252 89 4
252 96 4
252 97 4
252 99 3
252 111 3
252 121 3
252 124 4
252 127 3
252 132 4
252 134 4
252 135 4
252 136 4
252 143 4
252 152 3
252 154 3
252 156 4
252 161 3
252 162 3
252 163 3
252 168 4
252 170 4
252 171 3
252 173 4
252 174 4
252 180 3
252 181 3
252 183 4
252 185 3
252 186 4
252 187 4
252 188 3
252 191 4
252 194 3
252 195 4
252 197 4
252 201 3
252 202 3
252 203 3
252 204 4
252 207 3
252 212 3
252 216 3
252 234 3
252 237 3
252 243 2
252 245 3
252 259 1
252 269 4
252 276 3
252 286 4
252 294 3
252 318 4
252 371 2
252 384 2
252 404 3
252 418 3
252 419 3
252 420 4
252 423 4
252 427 4
252 430 4
252 432 3
252 435 4
252 443 3
252 455 4
252 458 1
252 461 3
252 462 3
252 465 2
252 467 4
252 472 2
252 479 4
252 482 4
252 483 4
252 485 4
252 488 3
252 491 3
252 492 3
252 494 3
252 495 3
252 496 3
252 498 4
252 502 3
252 506 3
252 510 3
252 513 4
252 517 3
252 518 3
252 521 2
252 523 4
252 526 3
252 530 3
252 531 4
252 554 2
252 576 2
252 588 4
252 597 2
252 603 4
252 609 3
252 614 4
252 615 4
252 624 3
252 631 3
252 636 2
252 641 4
252 648 4
252 654 4
252 659 3
252 660 3
252 684 3
252 729 3
252 736 4
252 780 1
252 781 2
252 792 3
252 805 3
252 815 4
252 863 3
252 874 5
252 924 2
252 947 3
252 969 3
252 971 4
253 3 1
253 4 3
253 7 4
253 9 4
253 11 4
253 12 4
253 17 2
253 22 4
253 24 2
253 33 3
253 42 3
253 48 4
253 49 2
253 50 4
253 53 3
253 59 3
253 68 3
253 69 3
253 73 2
253 79 3
253 80 2
253 93 4
253 94 3
253 97 3
253 98 4
253 100 4
253 117 3
253 122 1
253 125 2
253 132 3
253 143 3
253 154 3
253 156 3
253 157 4
253 158 1
253 164 3
253 168 4
253 172 4
253 174 4
253 181 4
253 186 4
253 188 3
253 196 4
253 204 4
253 210 4
253 231 2
253 233 2
253 238 4
253 239 3
253 246 4
253 248 3
253 254 1
253 258 4
253 268 4
253 276 4
253 288 5
253 298 3
253 318 4
253 354 4
253 356 3
253 357 4
253 364 2
253 367 2
253 369 1
253 384 2
253 385 3
253 393 2
253 401 4
253 402 3
253 410 2
253 412 1
253 416 3
253 421 3
253 423 4
253 424 1
253 427 4
253 456 2
253 471 3
253 475 4
253 476 1
253 496 4
253 508 4
253 509 4
253 515 4
253 550 3
253 552 3
253 566 3
253 568 3
253 578 3
253 586 1
253 591 3
253 628 3
253 651 4
253 655 4
253 684 3
253 693 3
253 697 5
253 717 2
253 721 1
253 742 3
253 871 1
253 959 4
253 963 5
253 975 3
254 1 4
254 11 3
254 12 4
254 15 3
254 22 4
254 28 4
254 50 4
254 51 3
254 55 4
254 56 3
254 58 4
254 66 2
254 69 3
254 70 3
254 73 3
254 76 3
254 77 4
254 79 3
254 82 3
254 87 4
254 88 3
254 89 3
254 96 4
254 97 4
254 98 4
254 99 3
254 100 4
254 107 2
254 114 2
254 117 1
254 118 4
254 121 3
254 124 5
254 131 4
254 133 4
254 134 4
254 136 4
254 143 3
254 144 3
254 153 4
254 161 3
254 162 3
254 164 3
254 169 3
254 172 4
254 173 4
254 174 4
254 181 3
254 182 4
254 185 4
254 191 4
254 195 3
254 196 3
254 197 4
254 199 4
254 202 3
254 203 3
254 204 4
254 210 3
254 211 3
254 215 3
254 222 3
254 228 4
254 234 3
254 237 4
254 245 1
254 248 4
254 250 4
254 255 3
254 257 3
254 258 5
254 259 2
254 260 1
254 270 2
254 272 5
254 277 1
254 279 1
254 286 5
254 289 1
254 293 3
254 300 4
254 310 3
254 315 4
254 316 1
254 317 3
254 318 4
254 322 2
254 323 3
254 326 1
254 356 2
254 357 4
254 378 3
254 385 3
254 392 2
254 414 3
254 418 3
254 419 3
254 423 4
254 427 4
254 431 3
254 434 3
254 435 4
254 451 2
254 465 3
254 468 2
254 474 4
254 478 4
254 479 4
254 482 4
254 483 4
254 484 4
254 485 4
254 487 4
254 490 4
254 492 4
254 493 4
254 496 4
254 497 3
254 507 3
254 509 3
254 519 4
254 520 3
254 526 3
254 528 4
254 531 4
254 566 3
254 568 3
254 603 4
254 605 3
254 607 3
254 610 3
254 612 4
254 614 4
254 627 1
254 631 3
254 633 3
254 642 3
254 649 3
254 651 4
254 654 4
254 655 4
254 657 4
254 659 3
254 660 3
254 661 4
254 678 2
254 685 4
254 686 4
254 692 3
254 693 3
254 694 4
254 705 3
254 707 3
254 724 1
254 735 3
254 736 4
254 740 4
254 742 4
254 746 3
254 836 2
254 837 4
254 842 2
254 873 1
254 875 5
254 879 1
254 939 3
254 945 5
254 956 4
254 968 3
255 1 4
255 2 3
255 4 3
255 7 4
255 8 4
255 9 4
255 12 4
255 14 4
255 17 3
255 20 3
255 24 3
255 25 3
255 31 3
255 39 3
255 40 2
255 42 3
255 44 3
255 47 3
255 53 2
255 56 4
255 57 4
255 58 3
255 64 4
255 69 3
255 70 3
255 71 3
255 87 3
255 95 3
255 96 4
255 97 3
255 98 4
255 100 4
255 118 3
255 123 3
255 125 3
255 126 5
255 127 4
255 135 4
255 148 3
255 161 3
255 170 4
255 174 4
255 176 4
255 191 4
255 196 4
255 197 4
255 204 4
255 214 3
255 217 3
255 222 4
255 223 4
255 228 4
255 234 4
255 237 3
255 241 2
255 245 2
255 252 2
255 255 3
255 257 4
255 265 4
255 270 3
255 275 4
255 276 3
255 277 3
255 279 1
255 281 3
255 282 3
255 288 3
255 289 2
255 291 3
255 292 1
255 293 3
255 300 3
255 301 4
255 304 4
255 307 3
255 313 4
255 317 3
255 318 4
255 321 3
255 323 3
255 334 2
255 343 3
255 380 3
255 382 3
255 393 3
255 402 3
255 405 3
255 423 4
255 428 4
255 447 3
255 455 3
255 462 3
255 465 3
255 471 3
255 475 3
255 504 3
255 508 3
255 511 3
255 515 4
255 518 3
255 529 3
255 531 3
255 582 3
255 584 2
255 591 3
255 597 3
255 627 3
255 628 3
255 629 3
255 647 4
255 660 3
255 678 3
255 692 3
255 694 3
255 709 4
255 724 4
255 727 3
255 738 2
255 747 3
255 755 3
255 778 3
255 898 1
255 934 1
255 939 3
256 1 4
256 3 2
256 4 4
256 9 4
256 12 4
256 13 3
256 22 4
256 23 4
256 32 3
256 42 3
256 46 4
256 50 4
256 53 3
256 54 3
256 57 4
256 60 3
256 61 3
256 68 3
256 69 3
256 71 4
256 79 3
256 80 2
256 86 3
256 91 3
256 92 3
256 95 3
256 97 3
256 100 4
256 101 3
256 111 4
256 121 3
256 125 3
256 127 4
256 133 4
256 135 4
256 143 3
256 161 3
256 168 4
256 170 4
256 172 4
256 174 4
256 175 4
256 177 4
256 179 3
256 181 3
256 182 4
256 185 4
256 186 4
256 187 4
256 188 3
256 194 4
256 196 4
256 197 4
256 200 3
256 202 3
256 210 4
256 211 3
256 218 3
256 222 3
256 226 3
256 228 4
256 231 2
256 232 2
256 234 4
256 238 4
256 268 4
256 273 3
256 274 3
256 282 3
256 286 4
256 294 3
256 325 5
256 346 3
256 357 4
256 366 3
256 369 1
256 380 3
256 403 3
256 410 2
256 414 3
256 419 3
256 421 3
256 423 4
256 427 4
256 431 3
256 432 3
256 433 3
256 443 4
256 448 3
256 449 3
256 452 3
256 460 1
256 461 3
256 462 3
256 474 4
256 475 3
256 479 4
256 484 4
256 490 4
256 498 4
256 505 3
256 506 4
256 508 3
256 523 4
256 546 2
256 559 3
256 568 3
256 578 3
256 581 3
256 582 3
256 603 4
256 608 4
256 616 3
256 640 3
256 655 4
256 658 3
256 660 3
256 662 3
256 672 2
256 673 3
256 693 3
256 696 3
256 708 3
256 710 2
256 715 3
256 720 2
256 721 3
256 737 2
256 743 1
256 763 3
256 789 3
256 806 3
256 818 5
256 845 3
256 864 2
256 919 3
256 922 1
256 933 1
256 943 3
256 955 4
256 959 4
256 963 5
256 979 5
256 985 1
257 4 3
257 7 4
257 8 4
257 9 4
257 11 3
257 12 4
257 14 4
257 15 3
257 20 3
257 27 3
257 31 4
257 38 3
257 44 3
257 45 3
257 48 4
257 50 4
257 51 3
257 52 4
257 53 2
257 54 3
257 56 4
257 57 3
257 58 3
257 59 4
257 62 3
257 64 4
257 65 3
257 66 3
257 70 3
257 77 3
257 79 4
257 82 4
257 83 3
257 86 3
257 89 4
257 91 3
257 94 3
257 96 4
257 97 4
257 100 4
257 105 1
257 114 4
257 117 3
257 118 3
257 122 1
257 127 4
257 132 4
257 134 4
257 137 4
257 143 3
257 144 4
257 148 3
257 151 3
257 155 2
257 156 4
257 157 3
257 161 3
257 162 3
257 164 3
257 168 4
257 172 4
257 173 4
257 174 4
257 176 4
257 180 4
257 181 4
257 182 4
257 183 4
257 185 4
257 186 4
257 190 4
257 191 4
257 192 3
257 193 4
257 194 4
257 195 4
257 196 4
257 197 4
257 200 3
257 203 3
257 204 4
257 209 4
257 214 3
257 215 3
257 216 3
257 218 3
257 219 2
257 226 3
257 229 3
257 230 3
257 231 2
257 232 3
257 234 4
257 235 2
257 237 3
257 239 3
257 240 2
257 241 3
257 243 2
257 248 3
257 257 3
257 258 4
257 265 3
257 282 3
257 285 4
257 288 4
257 304 3
257 318 4
257 357 4
257 366 3
257 370 1
257 372 3
257 373 2
257 378 3
257 380 3
257 385 3
257 393 3
257 395 2
257 401 2
257 402 3
257 403 3
257 405 3
257 410 3
257 411 2
257 412 2
257 417 2
257 425 3
257 428 4
257 436 4
257 443 3
257 448 3
257 450 2
257 452 2
257 453 1
257 455 3
257 456 1
257 458 2
257 462 3
257 469 3
257 470 3
257 471 3
257 472 3
257 473 3
257 474 4
257 476 2
257 483 4
257 500 4
257 507 3
257 509 4
257 527 4
257 529 3
257 531 4
257 540 2
257 546 3
257 549 3
257 553 2
257 559 3
257 566 3
257 568 3
257 582 3
257 584 3
257 588 4
257 597 2
257 623 3
257 628 3
257 629 3
257 631 3
257 632 4
257 636 2
257 640 3
257 651 4
257 655 4
257 658 3
257 664 4
257 673 3
257 679 3
257 692 3
257 699 4
257 704 2
257 708 2
257 709 3
257 717 2
257 720 2
257 722 3
257 727 3
257 729 3
257 732 3
257 739 3
257 742 3
257 744 3
257 747 3
257 755 3
257 756 2
257 758 1
257 769 3
257 770 3
257 775 2
257 783 3
257 792 4
257 819 1
257 825 2
257 841 2
257 845 3
257 871 2
257 931 1
257 934 2
257 948 2
257 949 3
257 959 4
257 980 3
258 8 4
258 9 4
258 12 4
258 13 3
258 14 4
258 20 3
258 23 4
258 25 4
258 28 3
258 32 4
258 48 3
258 50 4
258 57 4
258 58 4
258 86 3
258 96 3
258 98 4
258 117 3
258 121 3
258 124 4
258 126 3
258 127 4
258 129 4
258 134 4
258 143 2
258 144 3
258 147 3
258 152 4
258 169 4
258 174 4
258 178 4
258 179 3
258 180 4
258 181 3
258 182 4
258 183 4
258 189 5
258 190 3
258 191 4
258 192 4
258 193 3
258 195 4
258 203 3
258 208 4
258 209 3
258 234 4
258 237 3
258 238 4
258 245 2
258 250 3
258 255 2
258 273 3
258 278 1
258 282 3
258 283 3
258 284 3
258 285 3
258 286 3
258 287 1
258 288 2
258 293 3
258 298 3
258 301 4
258 304 3
258 307 2
258 317 3
258 318 5
258 319 2
258 321 4
258 330 1
258 333 1
258 346 3
258 357 4
258 387 4
258 405 2
258 408 3
258 410 3
258 423 4
258 425 3
258 427 3
258 430 5
258 467 3
258 469 4
258 473 2
258 474 4
258 496 3
258 509 4
258 514 3
258 517 4
258 521 3
258 526 4
258 529 3
258 530 3
258 546 2
258 582 3
258 588 3
258 589 3
258 591 3
258 597 3
258 603 3
258 632 3
258 644 4
258 648 4
258 651 4
258 654 3
258 663 4
258 685 3
258 694 5
258 696 2
258 704 5
258 709 4
258 717 3
258 736 2
258 742 3
258 750 4
258 753 4
258 792 3
258 844 3
258 847 3
258 896 1
258 925 2
258 939 4
258 952 3
258 956 3
258 980 2
259 1 4
259 3 2
259 7 3
259 8 4
259 15 3
259 16 3
259 19 2
259 22 4
259 25 3
259 100 4
259 108 2
259 111 3
259 117 4
259 120 2
259 121 3
259 123 3
259 134 4
259 147 3
259 148 3
259 164 3
259 172 3
259 174 4
259 181 4
259 194 4
259 216 3
259 220 2
259 222 3
259 225 3
259 230 3
259 245 3
259 249 3
259 250 3
259 255 3
259 258 4
259 264 1
259 278 2
259 282 4
259 286 3
259 289 3
259 291 3
259 295 3
259 300 4
259 301 3
259 322 2
259 323 2
259 328 3
259 332 3
259 333 3
259 336 2
259 357 3
259 358 2
259 411 3
259 472 3
259 473 1
259 523 4
259 546 3
259 568 4
259 596 2
259 597 2
259 651 4
259 676 3
259 678 2
259 685 3
259 687 1
259 742 3
259 748 3
259 815 2
259 825 2
259 827 2
259 832 2
259 846 2
259 864 2
259 866 3
259 873 1
259 879 3
259 934 2
259 969 4
259 978 1
259 989 1
260 1 3
260 7 3
260 10 2
260 14 4
260 20 3
260 117 3
260 127 4
260 129 3
260 146 5
260 221 3
260 224 5
260 242 4
260 248 3
260 250 2
260 253 3
260 257 3
260 258 4
260 273 3
260 275 3
260 276 4
260 279 2
260 286 4
260 289 3
260 294 2
260 297 3
260 301 3
260 302 4
260 303 3
260 307 2
260 311 3
260 322 3
260 327 2
260 458 3
260 515 4
260 532 4
260 591 3
260 676 3
260 713 3
260 744 3
261 121 3
261 158 3
261 242 4
261 255 3
261 269 4
261 285 4
261 302 4
261 304 3
261 319 3
261 347 3
261 682 2
262 11 5
262 22 1
262 100 5
262 136 4
262 237 3
262 259 3
262 271 2
262 288 3
262 289 3
262 292 3
262 300 3
262 313 4
262 321 2
262 332 2
262 358 3
262 678 2
262 682 1
262 866 5
262 895 2
263 3 1
263 7 3
263 10 3
263 14 3
263 15 3
263 20 2
263 24 4
263 50 4
263 93 3
263 100 4
263 103 1
263 107 5
263 112 1
263 116 3
263 117 3
263 121 3
263 124 4
263 126 3
263 127 4
263 137 3
263 147 2
263 149 1
263 150 3
263 151 3
263 221 2
263 224 3
263 225 2
263 235 3
263 242 4
263 243 1
263 244 2
263 248 2
263 249 4
263 250 3
263 253 2
263 257 3
263 258 3
263 268 4
263 270 3
263 274 2
263 282 3
263 283 3
263 284 3
263 285 4
263 288 2
263 301 3
263 304 1
263 306 3
263 311 4
263 319 3
263 347 2
263 362 1
263 455 3
263 472 2
263 473 2
263 475 4
263 477 2
263 508 3
263 544 2
263 593 5
263 596 1
263 597 2
263 689 2
263 741 2
263 744 2
263 751 2
263 819 5
263 845 3
263 864 2
263 870 1
263 880 3
263 887 3
263 926 2
263 930 2
263 950 2
263 952 3
263 988 2
263 993 5
264 16 2
264 116 2
264 176 4
264 181 4
264 194 5
264 248 3
264 258 3
264 260 2
264 269 3
264 286 3
264 289 3
264 293 3
264 298 3
264 300 3
264 301 3
264 321 3
264 322 3
264 328 3
264 333 3
264 358 1
264 482 3
264 603 4
264 678 2
264 705 4
264 709 1
264 748 2
264 879 3
265 1 4
265 7 3
265 8 4
265 12 4
265 22 4
265 28 3
265 32 3
265 56 4
265 64 4
265 87 4
265 97 3
265 100 4
265 109 3
265 114 4
265 132 4
265 134 4
265 136 4
265 143 3
265 154 3
265 169 4
265 172 4
265 174 4
265 175 4
265 179 3
265 180 4
265 181 4
265 190 4
265 191 4
265 194 4
265 198 3
265 199 4
265 202 3
265 257 3
265 258 4
265 283 3
265 286 3
265 300 3
265 318 4
265 319 3
265 395 2
265 404 3
265 423 4
265 428 4
265 474 4
265 475 3
265 478 3
265 481 3
265 496 3
265 529 3
265 584 2
265 588 4
265 603 4
265 615 3
265 638 4
265 651 4
265 656 4
265 705 4
265 855 3
266 2 2
266 11 3
266 22 4
266 24 3
266 27 3
266 50 4
266 55 3
266 56 4
266 62 3
266 79 4
266 87 3
266 89 4
266 95 3
266 96 4
266 98 4
266 117 3
266 127 4
266 128 3
266 144 4
266 174 4
266 181 4
266 182 3
266 183 4
266 184 3
266 187 4
266 188 3
266 210 4
266 231 2
266 232 3
266 258 4
266 265 4
266 268 4
266 269 2
266 273 2
266 288 3
266 292 1
266 294 3
266 302 3
266 306 3
266 308 5
266 313 4
266 315 3
266 321 3
266 324 2
266 326 2
266 327 3
266 328 4
266 331 4
266 333 3
266 334 3
266 346 3
266 349 2
266 350 3
266 354 2
266 357 4
266 385 3
266 405 3
266 455 3
266 518 2
266 546 2
266 550 3
266 566 3
266 568 3
266 651 4
266 682 2
266 748 2
266 873 1
266 882 1
266 885 1
266 898 1
266 902 5
266 908 1
266 995 2
267 7 3
267 10 3
267 24 3
267 50 4
267 93 3
267 100 4
267 108 3
267 109 3
267 150 3
267 240 2
267 246 4
267 248 3
267 249 3
267 264 1
267 268 4
267 269 4
267 273 3
267 276 3
267 298 3
267 327 3
267 340 3
267 455 3
267 475 4
267 742 3
267 762 3
267 919 3
268 1 4
268 4 3
268 7 3
268 8 3
268 13 3
268 15 3
268 19 3
268 22 4
268 23 4
268 25 3
268 31 3
268 39 3
268 42 3
268 47 3
268 51 3
268 56 4
268 58 3
268 69 3
268 70 3
268 71 3
268 95 3
268 96 4
268 97 3
268 98 4
268 100 4
268 111 3
268 116 3
268 118 2
268 121 3
268 126 3
268 132 3
268 137 4
268 144 4
268 150 3
268 153 3
268 157 4
268 159 2
268 160 3
268 170 4
268 172 4
268 173 4
268 178 4
268 180 3
268 181 4
268 182 4
268 191 4
268 192 4
268 195 3
268 200 3
268 209 3
268 214 2
268 216 4
268 222 3
268 238 4
268 246 4
268 251 3
268 257 4
268 258 4
268 273 3
268 283 3
268 285 4
268 293 3
268 294 3
268 297 3
268 318 4
268 321 4
268 357 4
268 367 3
268 377 1
268 405 3
268 411 2
268 423 4
268 427 4
268 428 4
268 435 4
268 462 3
268 469 3
268 471 3
268 475 3
268 498 4
268 507 3
268 529 4
268 544 1
268 582 3
268 603 4
268 612 3
268 642 3
268 655 4
268 662 4
268 692 3
268 699 4
268 724 4
268 742 3
268 826 1
268 856 5
268 926 2
268 952 2
269 64 4
269 65 3
269 127 4
269 134 4
269 136 4
269 153 3
269 194 4
269 199 4
269 215 3
269 286 4
269 306 2
269 483 4
269 484 5
269 490 4
269 495 3
269 507 4
269 511 3
269 520 4
269 530 3
269 582 3
269 605 3
269 610 4
269 611 3
269 641 4
269 654 3
269 656 3
269 705 3
269 855 3
269 923 3
270 1 3
270 7 4
270 9 4
270 13 3
270 19 4
270 50 4
270 93 3
270 100 4
270 118 2
270 125 3
270 150 4
270 181 4
270 221 3
270 235 2
270 248 3
270 257 3
270 258 4
270 276 3
270 283 3
270 284 3
270 285 3
270 286 3
270 293 3
270 294 3
270 295 3
270 360 1
270 458 3
270 471 3
270 475 4
270 508 3
270 544 2
270 546 2
270 813 3
270 824 1
270 919 3
270 950 1
270 952 2
271 1 4
271 8 5
271 50 5
271 94 4
271 95 3
271 99 3
271 140 3
271 225 3
271 404 4
271 418 3
271 477 1
271 501 3
271 596 3
271 768 1
271 878 5
271 932 1
271 969 3
272 1 4
272 2 3
272 3 3
272 4 2
272 7 3
272 11 5
272 12 1
272 21 1
272 24 2
272 27 4
272 28 4
272 29 2
272 33 5
272 38 3
272 41 4
272 43 3
272 49 4
272 51 1
272 56 1
272 63 2
272 64 5
272 66 1
272 68 4
272 69 2
272 71 2
272 72 1
272 73 5
272 78 1
272 79 4
272 80 5
272 82 5
272 88 3
272 90 5
272 94 3
272 97 3
272 99 2
272 101 1
272 109 2
272 117 4
272 118 4
272 120 1
272 121 5
272 122 3
272 123 3
272 132 4
272 135 5
272 141 2
272 151 3
272 161 1
272 168 5
272 172 5
272 173 1
272 174 2
272 175 4
272 177 3
272 181 5
272 183 4
272 185 3
272 186 3
272 193 5
272 195 3
272 196 5
272 204 2
272 210 5
272 215 3
272 217 1
272 218 5
272 226 4
272 228 4
272 229 5
272 232 5
272 233 4
272 234 2
272 239 2
272 240 2
272 250 3
272 254 3
272 255 2
272 258 4
272 260 2
272 271 3
272 288 3
272 313 4
272 318 5
272 323 3
272 343 4
272 355 5
272 358 2
272 362 1
272 365 1
272 368 1
272 370 4
272 373 1
272 374 2
272 375 1
272 378 3
272 380 5
272 384 1
272 386 5
272 391 5
272 392 1
272 393 1
272 395 2
272 400 1
272 401 4
272 404 3
272 411 3
272 416 2
272 417 3
272 418 3
272 431 4
272 443 3
272 449 3
272 465 5
272 473 2
272 475 1
272 477 3
272 485 3
272 496 3
272 501 5
272 541 2
272 546 3
272 548 3
272 550 3
272 552 3
272 559 1
272 561 2
272 562 5
272 567 1
272 568 3
272 569 5
272 576 4
272 577 2
272 578 3
272 584 1
272 588 5
272 597 3
272 609 3
272 625 1
272 633 2
272 655 4
272 665 2
272 672 1
272 685 3
272 689 3
272 715 1
272 720 2
272 739 2
272 742 4
272 743 1
272 746 2
272 747 3
272 751 4
272 755 5
272 756 3
272 758 1
272 760 1
272 763 4
272 768 1
272 771 2
272 780 2
272 790 3
272 796 3
272 810 4
272 826 2
272 834 2
272 877 2
272 890 4
272 895 2
272 924 2
272 928 1
272 930 2
272 931 1
272 940 2
272 946 5
272 951 2
272 977 1
273 7 4
273 9 4
273 10 2
273 14 3
273 25 3
273 116 3
273 124 3
273 129 3
273 137 3
273 242 3
273 257 3
273 275 3
273 276 3
273 293 4
273 302 4
273 303 3
273 319 3
273 327 3
273 547 4
273 813 4
274 7 3
274 8 4
274 11 3
274 12 4
274 13 3
274 14 4
274 15 3
274 22 4
274 23 3
274 26 3
274 42 3
274 44 3
274 45 3
274 48 4
274 50 4
274 52 3
274 58 3
274 60 3
274 61 3
274 64 4
274 66 3
274 68 2
274 69 3
274 70 3
274 71 3
274 72 3
274 73 3
274 76 3
274 77 3
274 79 4
274 83 4
274 86 3
274 87 4
274 88 3
274 89 4
274 92 3
274 97 3
274 98 4
274 99 3
274 100 4
274 107 4
274 116 4
274 117 3
274 121 3
274 131 4
274 132 4
274 134 4
274 135 4
274 136 4
274 141 3
274 150 3
274 161 3
274 168 4
274 170 4
274 171 3
274 172 4
274 173 4
274 175 4
274 176 4
274 178 4
274 179 3
274 180 4
274 181 3
274 182 4
274 183 4
274 191 4
274 192 3
274 193 3
274 194 4
274 195 4
274 196 4
274 198 3
274 203 4
274 205 3
274 207 3
274 208 4
274 210 4
274 211 4
274 212 3
274 215 3
274 216 3
274 218 3
274 221 3
274 227 3
274 230 3
274 234 3
274 237 3
274 238 4
274 244 2
274 248 3
274 252 2
274 257 3
274 258 4
274 265 4
274 274 3
274 275 4
274 276 3
274 282 3
274 283 3
274 285 4
274 288 3
274 289 2
274 291 5
274 293 3
274 298 3
274 302 3
274 313 4
274 315 3
274 316 4
274 317 3
274 322 3
274 326 2
274 346 3
274 356 3
274 380 3
274 382 3
274 385 3
274 410 3
274 414 3
274 416 3
274 418 3
274 419 3
274 430 4
274 434 3
274 435 4
274 436 4
274 461 3
274 462 3
274 463 3
274 470 3
274 474 4
274 475 3
274 478 4
274 480 3
274 481 4
274 483 4
274 484 4
274 486 3
274 488 3
274 489 4
274 490 4
274 491 4
274 493 4
274 495 3
274 496 4
274 497 3
274 498 4
274 499 3
274 503 3
274 506 4
274 507 3
274 508 3
274 511 4
274 513 4
274 514 4
274 517 3
274 518 3
274 519 4
274 520 4
274 521 3
274 525 4
274 526 3
274 527 4
274 528 4
274 529 3
274 530 3
274 553 2
274 566 3
274 584 3
274 591 3
274 601 4
274 602 3
274 603 4
274 604 3
274 605 3
274 607 3
274 610 3
274 614 4
274 615 4
274 618 3
274 628 3
274 633 3
274 641 4
274 642 3
274 646 4
274 648 4
274 649 3
274 651 4
274 653 4
274 657 4
274 659 3
274 660 4
274 661 4
274 664 4
274 676 3
274 684 4
274 685 3
274 692 3
274 696 3
274 697 3
274 699 3
274 705 4
274 707 3
274 708 3
274 709 4
274 735 4
274 736 4
274 744 3
274 756 1
274 789 3
274 792 3
274 836 3
274 848 3
274 921 3
274 923 4
274 939 2
274 943 3
274 945 4
274 963 5
274 966 3
274 971 3
274 996 2
275 70 3
275 100 4
275 127 4
275 259 2
275 286 3
275 313 4
275 381 3
276 4 4
276 26 3
276 33 3
276 56 4
276 63 2
276 67 1
276 72 3
276 73 3
276 80 3
276 83 3
276 88 3
276 168 4
276 173 4
276 175 3
276 186 4
276 202 4
276 204 4
276 209 4
276 211 3
276 216 3
276 232 2
276 238 4
276 239 3
276 288 1
276 294 2
276 300 3
276 328 5
276 343 1
276 367 3
276 386 2
276 435 4
276 579 2
276 648 4
276 655 4
276 692 3
276 710 2
276 712 3
276 715 2
276 734 2
276 738 3
276 748 2
276 765 3
276 781 2
276 790 2
276 792 4
276 890 1
276 944 1
276 999 4
277 20 4
277 25 4
277 36 1
277 49 4
277 88 3
277 90 5
277 237 3
277 255 3
277 282 3
277 289 5
277 294 5
277 369 1
277 553 4
277 709 3
277 722 3
277 731 4
277 732 3
277 756 2
277 781 3
277 846 3
278 1 4
278 7 3
278 17 2
278 23 4
278 26 3
278 28 3
278 40 3
278 42 3
278 48 3
278 50 4
278 65 3
278 69 3
278 72 3
278 77 3
278 79 4
278 81 3
278 93 3
278 98 4
278 111 4
278 122 1
278 134 4
278 143 3
278 145 1
278 151 3
278 160 4
278 161 3
278 188 3
278 196 4
278 216 3
278 218 3
278 219 1
278 222 3
278 231 2
278 237 3
278 238 4
278 255 3
278 276 3
278 282 3
278 288 3
278 300 4
278 318 4
278 327 4
278 340 3
278 350 3
278 354 3
278 357 4
278 367 3
278 369 2
278 381 3
278 392 3
278 403 3
278 410 3
278 412 1
278 427 4
278 447 3
278 451 3
278 467 4
278 469 3
278 518 3
278 568 3
278 591 3
278 604 3
278 616 3
278 655 3
278 658 3
278 673 4
278 684 3
278 743 1
278 763 3
278 843 3
278 866 3
278 959 3
278 975 3
279 1 4
279 8 4
279 24 3
279 28 3
279 31 3
279 50 4
279 54 3
279 55 4
279 58 3
279 66 3
279 70 3
279 71 4
279 79 4
279 82 4
279 88 4
279 89 4
279 95 4
279 96 4
279 97 4
279 100 4
279 101 2
279 108 1
279 111 3
279 117 3
279 118 3
279 121 3
279 122 2
279 127 4
279 133 4
279 135 3
279 144 3
279 147 3
279 148 3
279 153 3
279 161 3
279 164 4
279 168 3
279 172 4
279 173 4
279 174 4
279 175 4
279 176 4
279 177 4
279 179 3
279 180 4
279 181 3
279 182 4
279 183 4
279 185 4
279 187 4
279 188 3
279 189 3
279 190 4
279 195 4
279 197 4
279 198 3
279 201 2
279 204 4
279 209 3
279 210 4
279 211 3
279 213 4
279 215 3
279 216 4
279 228 3
279 230 4
279 241 3
279 248 3
279 249 3
279 255 2
279 257 3
279 258 4
279 261 3
279 264 2
279 265 3
279 266 4
279 270 2
279 272 3
279 274 3
279 281 2
279 282 4
279 286 3
279 288 3
279 294 3
279 295 3
279 298 3
279 300 3
279 304 4
279 325 2
279 328 3
279 356 3
279 358 2
279 380 4
279 385 3
279 398 2
279 405 2
279 421 4
279 422 4
279 423 4
279 436 3
279 455 3
279 463 3
279 472 1
279 479 4
279 483 4
279 489 3
279 510 3
279 511 3
279 523 4
279 526 3
279 528 4
279 535 1
279 546 2
279 566 3
279 588 4
279 602 3
279 604 5
279 616 4
279 629 3
279 632 4
279 640 2
279 651 4
279 655 4
279 680 4
279 688 5
279 692 3
279 727 3
279 732 3
279 739 3
279 748 2
279 751 3
279 752 1
279 840 2
279 879 1
279 931 1
279 945 4
280 8 3
280 12 4
280 64 4
280 89 4
280 96 3
280 100 4
280 114 4
280 127 4
280 165 4
280 172 3
280 174 3
280 175 4
280 183 4
280 190 3
280 191 4
280 213 3
280 234 3
280 237 3
280 257 3
280 258 3
280 265 3
280 272 3
280 298 2
280 347 3
280 462 3
280 479 4
280 483 4
280 504 4
280 510 4
280 511 3
280 517 3
280 603 4
280 615 4
280 642 3
280 661 4
280 705 3
280 863 3
281 4 4
281 42 3
281 50 4
281 66 3
281 70 3
281 86 3
281 100 4
281 153 4
281 163 3
281 173 3
281 190 4
281 197 4
281 204 4
281 207 3
281 210 3
281 216 3
281 283 3
281 313 3
281 318 4
281 322 3
281 367 3
281 427 4
281 430 4
281 479 4
281 484 4
281 505 3
281 507 3
281 524 3
281 648 4
281 650 3
281 659 3
281 678 2
281 692 3
281 780 2
282 127 4
282 257 3
282 269 3
282 288 3
282 295 3
282 298 3
282 311 3
282 315 3
282 346 3
282 876 2
282 881 2
282 988 1
283 1 3
283 12 4
283 20 3
283 99 3
283 107 3
283 109 3
283 116 3
283 121 3
283 151 3
283 180 3
283 195 4
283 197 4
283 199 4
283 229 3
283 230 3
283 250 3
283 257 3
283 270 3
283 271 2
283 274 3
283 275 4
283 277 3
283 286 3
283 290 3
283 313 4
283 318 4
283 365 2
283 380 3
283 405 3
283 449 3
283 450 2
283 462 3
283 480 3
283 538 2
283 582 3
283 612 3
283 743 1
283 900 4
284 1 4
284 7 4
284 9 4
284 15 4
284 24 2
284 25 2
284 28 4
284 29 2
284 50 4
284 51 3
284 53 2
284 56 3
284 69 4
284 70 3
284 71 3
284 73 3
284 79 4
284 82 4
284 94 3
284 96 4
284 97 3
284 98 4
284 111 3
284 122 1
284 135 4
284 136 3
284 141 3
284 143 3
284 144 3
284 150 4
284 151 3
284 168 4
284 173 4
284 174 4
284 181 4
284 195 4
284 202 4
284 204 4
284 216 3
284 222 3
284 227 3
284 229 3
284 234 4
284 235 2
284 237 4
284 248 3
284 250 3
284 252 3
284 255 4
284 257 3
284 258 4
284 274 3
284 275 2
284 293 5
284 294 3
284 300 3
284 313 4
284 315 5
284 318 4
284 343 3
284 385 3
284 392 3
284 399 2
284 405 3
284 419 3
284 422 3
284 427 4
284 431 3
284 449 3
284 451 3
284 463 4
284 472 3
284 510 4
284 550 4
284 554 2
284 560 3
284 562 3
284 568 3
284 578 3
284 588 4
284 597 3
284 625 2
284 651 4
284 655 3
284 665 2
284 679 2
284 692 3
284 699 2
284 746 3
284 778 4
284 823 3
284 829 2
284 849 2
284 879 3
284 924 3
284 926 3
285 288 3
285 289 3
285 303 3
285 307 3
285 313 4
285 319 2
285 321 3
285 326 3
285 330 1
285 347 3
285 748 3
286 1 3
286 3 2
286 7 3
286 10 2
286 13 3
286 14 3
286 15 4
286 93 2
286 109 2
286 111 3
286 121 3
286 123 2
286 124 3
286 125 3
286 127 4
286 129 3
286 137 3
286 146 1
286 147 3
286 150 3
286 151 3
286 181 4
286 220 3
286 221 2
286 235 2
286 236 2
286 237 3
286 245 3
286 248 3
286 250 3
286 255 3
286 257 3
286 258 4
286 262 2
286 264 1
286 270 3
286 273 4
286 275 4
286 276 4
286 277 2
286 280 3
286 282 3
286 284 3
286 285 4
286 286 4
286 287 3
286 295 4
286 298 3
286 299 3
286 300 4
286 305 5
286 319 2
286 321 3
286 322 2
286 327 2
286 331 2
286 332 2
286 333 3
286 460 2
286 471 3
286 475 3
286 476 2
286 508 3
286 591 3
286 595 2
286 597 3
286 620 2
286 628 3
286 678 3
286 689 3
286 690 1
286 696 3
286 717 4
286 718 2
286 742 3
286 748 3
286 762 2
286 766 1
286 818 1
286 823 2
286 846 3
286 864 2
286 872 1
286 874 1
286 879 2
286 880 4
286 882 1
286 886 1
286 887 1
286 924 3
286 935 1
286 936 4
286 975 2
286 994 1
286 995 2
287 1 4
287 2 2
287 3 3
287 4 3
287 12 4
287 17 2
287 25 3
287 28 3
287 31 3
287 38 2
287 42 3
287 43 2
287 45 3
287 48 3
287 49 3
287 50 4
287 55 3
287 58 3
287 66 3
287 68 3
287 69 3
287 71 3
287 73 3
287 76 3
287 77 3
287 79 4
287 81 3
287 82 3
287 87 3
287 88 3
287 92 3
287 95 3
287 96 3
287 97 3
287 99 4
287 100 4
287 111 3
287 117 3
287 121 3
287 125 3
287 128 2
287 133 3
287 136 4
287 140 3
287 143 3
287 144 4
287 150 4
287 160 3
287 161 3
287 172 4
287 174 4
287 176 4
287 179 4
287 181 3
287 183 4
287 188 3
287 191 3
287 194 4
287 195 4
287 196 3
287 202 3
287 206 3
287 215 3
287 216 3
287 218 3
287 222 3
287 226 3
287 227 3
287 230 3
287 232 2
287 237 3
287 239 3
287 249 3
287 252 3
287 255 5
287 257 3
287 258 4
287 259 2
287 260 1
287 265 3
287 270 2
287 272 4
287 273 3
287 276 3
287 280 3
287 282 3
287 286 3
287 288 3
287 289 2
287 293 4
287 294 2
287 298 3
287 300 3
287 318 4
287 333 3
287 347 3
287 356 3
287 366 3
287 367 3
287 378 4
287 402 3
287 411 2
287 412 2
287 423 4
287 432 3
287 455 3
287 462 3
287 470 3
287 471 3
287 474 4
287 501 3
287 540 2
287 541 2
287 546 3
287 549 3
287 550 3
287 566 3
287 572 2
287 578 3
287 588 4
287 591 3
287 596 3
287 597 3
287 620 4
287 627 2
287 628 3
287 651 4
287 652 3
287 658 3
287 672 2
287 679 3
287 684 3
287 685 3
287 686 3
287 692 3
287 710 3
287 713 3
287 727 3
287 732 3
287 735 3
287 739 3
287 742 3
287 747 3
287 748 2
287 768 2
287 772 2
287 779 2
287 781 2
287 790 2
287 794 2
287 820 1
287 823 4
287 833 3
287 845 3
287 921 4
287 932 1
287 939 3
287 941 2
287 955 4
287 956 3
287 978 2
288 1 4
288 8 4
288 9 4
288 11 4
288 22 4
288 28 3
288 33 3
288 58 3
288 64 4
288 69 3
288 70 3
288 83 3
288 87 4
288 96 3
288 98 4
288 111 3
288 133 3
288 135 4
288 154 3
288 164 3
288 168 4
288 172 4
288 173 4
288 176 4
288 180 3
288 181 4
288 182 4
288 183 4
288 185 4
288 186 3
288 190 4
288 196 3
288 198 3
288 199 4
288 200 3
288 203 3
288 207 4
288 208 4
288 210 3
288 211 4
288 222 3
288 228 3
288 230 3
288 238 4
288 243 1
288 245 2
288 258 4
288 260 1
288 265 3
288 269 3
288 289 2
288 292 3
288 299 2
288 304 3
288 318 4
288 328 3
288 333 3
288 357 4
288 358 2
288 385 3
288 405 3
288 414 3
288 419 3
288 429 3
288 434 3
288 468 3
288 474 4
288 480 3
288 485 3
288 491 3
288 493 4
288 496 3
288 498 4
288 500 4
288 510 3
288 511 4
288 514 4
288 515 4
288 520 4
288 521 3
288 523 4
288 526 3
288 527 4
288 568 3
288 605 3
288 612 3
288 655 4
288 659 3
288 662 3
288 692 3
288 707 3
288 724 3
288 732 3
288 748 2
288 776 1
288 845 3
288 880 3
288 890 2
289 243 3
289 258 3
289 259 3
289 260 2
289 261 3
289 263 1
289 264 2
289 266 4
289 268 2
289 270 4
289 271 3
289 272 3
289 286 3
289 288 3
289 289 3
289 292 3
289 294 3
289 301 2
289 302 3
289 303 2
289 308 2
289 310 4
289 313 4
289 315 3
289 316 3
289 321 3
289 324 2
289 325 2
289 326 3
289 327 2
289 330 1
289 331 2
289 332 2
289 333 3
289 334 2
289 339 3
289 340 3
289 342 2
289 343 3
289 349 1
289 353 5
289 355 1
289 358 2
289 457 1
289 538 5
289 539 2
289 678 2
289 681 2
289 682 1
289 687 3
289 689 3
289 750 3
289 751 3
289 752 3
289 872 2
289 873 1
289 874 2
289 875 2
289 881 2
289 883 3
289 887 3
289 890 2
289 892 2
289 902 1
289 908 1
289 948 1
289 988 1
289 989 1
289 991 1
290 1 3
290 7 3
290 9 4
290 15 3
290 50 4
290 93 3
290 117 3
290 124 3
290 126 3
290 127 3
290 150 3
290 151 4
290 181 4
290 224 2
290 237 3
290 246 3
290 257 3
290 258 4
290 273 5
290 277 4
290 284 2
290 286 3
290 292 2
290 293 4
290 298 3
290 302 3
290 333 1
290 410 2
290 475 3
290 515 4
290 596 3
290 764 2
290 847 3
290 919 3
290 926 1
290 993 4
291 7 3
291 19 2
291 45 3
291 100 4
291 124 3
291 129 3
291 236 1
291 237 3
291 258 4
291 273 3
291 286 4
291 340 3
291 475 4
291 657 3
291 900 3
292 45 3
292 56 5
292 64 4
292 69 3
292 83 4
292 97 3
292 100 3
292 124 5
292 127 5
292 134 4
292 137 5
292 185 4
292 186 3
292 187 4
292 192 3
292 193 3
292 205 3
292 221 3
292 242 3
292 285 4
292 286 4
292 318 4
292 479 4
292 482 4
292 483 4
292 492 3
292 511 4
292 523 4
292 527 4
292 531 4
292 654 4
292 657 4
292 772 1
292 923 3
293 1 4
293 7 3
293 11 4
293 12 4
293 22 4
293 24 3
293 48 3
293 50 4
293 56 4
293 59 4
293 60 3
293 61 3
293 65 4
293 69 3
293 71 3
293 79 4
293 82 3
293 91 3
293 95 3
293 96 4
293 98 4
293 100 4
293 115 3
293 117 3
293 118 3
293 121 3
293 124 3
293 127 4
293 150 3
293 156 3
293 168 4
293 171 3
293 172 4
293 173 4
293 174 4
293 175 3
293 176 3
293 180 4
293 181 4
293 182 3
293 183 4
293 188 3
293 191 3
293 192 4
293 195 4
293 196 3
293 201 2
293 209 4
293 210 4
293 222 3
293 234 3
293 235 3
293 238 4
293 239 3
293 250 2
293 252 2
293 257 3
293 258 3
293 260 1
293 264 3
293 265 4
293 271 3
293 273 3
293 275 3
293 284 2
293 288 3
293 298 4
293 300 3
293 318 4
293 323 3
293 327 2
293 328 3
293 343 2
293 357 4
293 369 2
293 405 3
293 411 2
293 423 4
293 431 4
293 455 3
293 462 3
293 475 4
293 483 4
293 527 4
293 528 4
293 546 3
293 550 3
293 597 3
293 647 4
293 652 3
293 684 4
293 687 1
293 693 3
293 742 3
293 746 4
293 751 3
293 754 4
293 762 3
293 763 3
293 876 2
293 886 3
293 890 1
293 925 3
294 1 3
294 9 4
294 15 4
294 64 4
294 65 3
294 86 3
294 98 4
294 100 4
294 126 4
294 174 4
294 183 4
294 191 4
294 194 4
294 222 3
294 237 3
294 286 3
294 289 2
294 294 3
294 322 2
294 357 4
294 479 4
294 507 3
294 528 4
294 748 2
294 924 2
295 2 3
295 4 4
295 11 4
295 29 2
295 44 3
295 50 4
295 53 2
295 54 3
295 56 4
295 62 3
295 64 4
295 68 3
295 69 3
295 71 3
295 79 4
295 84 2
295 86 3
295 88 3
295 89 4
295 90 2
295 91 3
295 94 3
295 95 3
295 98 4
295 101 2
295 109 3
295 120 1
295 127 4
295 132 4
295 133 4
295 139 2
295 140 2
295 144 3
295 145 1
295 147 3
295 153 4
295 155 3
295 157 3
295 158 2
295 161 3
295 162 3
295 163 3
295 167 3
295 168 4
295 172 4
295 173 4
295 174 4
295 176 3
295 179 3
295 181 4
295 184 3
295 186 3
295 188 3
295 191 4
295 195 4
295 200 3
295 201 2
295 202 3
295 214 3
295 216 4
295 217 2
295 219 2
295 222 3
295 226 3
295 227 3
295 228 4
295 229 3
295 230 3
295 231 2
295 232 3
295 234 4
295 235 2
295 265 4
295 282 3
295 288 3
295 357 3
295 379 3
295 380 4
295 385 4
295 386 2
295 389 2
295 391 2
295 392 3
295 395 2
295 402 3
295 403 3
295 404 3
295 413 1
295 416 2
295 417 3
295 421 3
295 423 4
295 431 3
295 433 4
295 435 4
295 444 2
295 447 3
295 449 3
295 452 2
295 465 3
295 470 3
295 472 3
295 478 4
295 479 4
295 496 4
295 501 3
295 504 3
295 505 3
295 507 4
295 523 4
295 550 4
295 559 3
295 566 3
295 575 2
295 581 4
295 616 3
295 622 3
295 629 3
295 642 3
295 650 3
295 658 3
295 660 3
295 665 2
295 671 3
295 674 2
295 679 3
295 684 3
295 705 4
295 732 3
295 742 3
295 768 2
295 770 3
295 790 3
295 796 3
295 797 3
295 831 2
295 843 3
295 924 3
295 944 2
296 7 4
296 10 3
296 17 2
296 33 3
296 38 2
296 39 2
296 42 3
296 50 4
296 53 2
296 56 4
296 64 4
296 77 3
296 87 3
296 96 4
296 97 3
296 98 4
296 99 4
296 109 3
296 132 4
296 133 3
296 135 4
296 136 4
296 141 4
296 142 2
296 143 3
296 147 3
296 150 3
296 154 3
296 156 4
296 158 2
296 164 3
296 172 4
296 173 4
296 181 3
296 183 4
296 186 3
296 204 4
296 222 3
296 227 3
296 228 4
296 229 3
296 246 4
296 268 4
296 288 3
296 318 4
296 356 3
296 378 3
296 380 3
296 393 3
296 417 2
296 418 3
296 420 3
296 421 3
296 433 3
296 469 3
296 480 4
296 484 4
296 485 4
296 509 3
296 526 3
296 528 4
296 532 3
296 554 2
296 561 2
296 607 3
296 625 3
296 633 3
296 727 3
296 743 1
296 746 3
296 774 1
296 825 3
296 921 4
297 1 4
297 2 3
297 3 4
297 11 4
297 12 4
297 13 5
297 19 1
297 24 2
297 25 3
297 28 4
297 31 3
297 38 3
297 39 2
297 54 3
297 56 3
297 66 3
297 67 3
297 70 3
297 71 3
297 72 3
297 77 3
297 79 4
297 80 2
297 87 3
297 89 4
297 94 3
297 95 3
297 96 4
297 97 3
297 98 4
297 99 4
297 100 3
297 101 3
297 105 3
297 108 2
297 109 3
297 114 3
297 118 3
297 122 1
297 127 4
297 139 2
297 145 1
297 152 3
297 153 4
297 155 3
297 161 3
297 163 3
297 164 3
297 167 2
297 168 4
297 173 4
297 174 4
297 175 3
297 181 4
297 183 4
297 185 4
297 186 3
297 187 4
297 188 3
297 189 3
297 194 4
297 195 4
297 197 3
297 202 4
297 204 4
297 208 4
297 217 2
297 222 4
297 225 3
297 227 3
297 228 4
297 229 3
297 230 3
297 233 3
297 234 4
297 240 2
297 242 1
297 248 3
297 250 3
297 252 3
297 257 3
297 258 4
297 260 1
297 268 5
297 273 2
297 274 4
297 288 4
297 291 2
297 325 4
297 358 2
297 363 2
297 364 1
297 373 2
297 381 3
297 382 3
297 384 3
297 385 3
297 386 2
297 393 3
297 395 3
297 399 2
297 403 3
297 405 3
297 407 1
297 408 4
297 412 2
297 418 3
297 423 4
297 431 3
297 432 3
297 451 3
297 452 3
297 455 2
297 465 3
297 472 3
297 475 2
297 501 3
297 508 3
297 510 4
297 526 2
297 540 3
297 545 1
297 549 3
297 550 3
297 552 3
297 559 3
297 562 3
297 566 3
297 568 3
297 570 3
297 575 3
297 577 2
297 578 3
297 588 4
297 590 1
297 597 2
297 603 3
297 625 3
297 627 3
297 645 4
297 651 4
297 652 2
297 655 3
297 657 4
297 679 3
297 692 3
297 716 2
297 721 2
297 722 3
297 724 3
297 731 2
297 741 3
297 748 2
297 758 2
297 765 3
297 771 2
297 780 3
297 781 3
297 783 3
297 790 3
297 792 3
297 797 2
297 802 4
297 808 3
297 809 3
297 810 2
297 840 4
297 849 2
297 864 2
297 940 2
297 943 2
297 1000 2
298 10 3
298 11 3
298 12 4
298 23 4
298 32 4
298 50 4
298 53 2
298 54 3
298 56 4
298 59 4
298 61 3
298 79 3
298 83 4
298 89 3
298 98 4
298 121 2
298 124 4
298 127 4
298 136 4
298 137 4
298 144 4
298 150 3
298 151 3
298 156 4
298 160 3
298 164 3
298 168 4
298 171 3
298 172 4
298 175 4
298 176 3
298 182 4
298 183 4
298 186 4
298 187 4
298 191 4
298 192 3
298 197 4
298 202 3
298 203 4
298 204 4
298 210 4
298 218 3
298 222 3
298 228 3
298 229 2
298 258 2
298 262 3
298 271 3
298 275 3
298 288 3
298 293 4
298 302 4
298 340 3
298 381 4
298 425 3
298 435 4
298 443 3
298 447 3
298 448 2
298 449 3
298 464 4
298 474 4
298 475 4
298 483 4
298 484 4
298 486 3
298 489 4
298 512 3
298 515 4
298 522 3
298 525 4
298 548 3
298 554 1
298 558 3
298 594 2
298 607 3
298 628 3
298 631 3
298 649 3
298 652 4
298 656 4
298 664 3
298 675 3
298 693 3
298 754 3
298 772 1
298 806 5
298 887 2
298 919 3
298 922 4
298 933 1
298 985 1
299 7 3
299 8 4
299 11 3
299 12 5
299 50 4
299 69 3
299 87 3
299 97 3
299 117 3
299 132 3
299 153 4
299 157 3
299 176 4
299 177 4
299 181 4
299 182 3
299 183 4
299 191 4
299 193 3
299 194 3
299 198 3
299 202 3
299 207 4
299 210 3
299 213 4
299 215 3
299 238 4
299 251 4
299 271 2
299 272 3
299 275 4
299 295 2
299 300 3
299 301 3
299 312 3
299 313 4
299 318 4
299 326 3
299 357 4
299 414 1
299 425 3
299 427 4
299 463 3
299 474 4
299 482 3
299 483 4
299 484 4
299 486 3
299 497 3
299 511 4
299 514 4
299 516 2
299 520 4
299 521 4
299 530 3
299 539 2
299 605 3
299 651 4
299 657 4
299 661 4
299 663 1
299 690 3
299 692 3
299 742 3
299 750 3
299 879 3
299 886 2
299 887 4
299 902 1
300 1 3
300 3 2
300 8 4
300 9 4
300 15 4
300 25 3
300 28 3
300 30 3
300 39 3
300 42 3
300 43 2
300 44 3
300 45 3
300 50 4
300 56 4
300 58 3
300 59 4
300 61 3
300 62 3
300 69 4
300 70 3
300 72 3
300 77 3
300 83 3
300 88 3
300 89 4
300 94 3
300 97 3
300 98 4
300 100 4
300 116 3
300 118 3
300 120 2
300 125 3
300 129 3
300 133 3
300 135 4
300 143 3
300 147 3
300 159 3
300 164 3
300 172 4
300 175 4
300 179 3
300 181 4
300 196 4
300 204 3
300 208 4
300 210 4
300 211 4
300 216 3
300 217 2
300 223 4
300 234 3
300 235 2
300 238 4
300 244 3
300 245 3
300 246 4
300 250 3
300 252 2
300 255 3
300 257 3
300 268 3
300 274 3
300 275 4
300 276 3
300 281 3
300 282 3
300 283 3
300 284 3
300 285 4
300 287 3
300 294 3
300 298 3
300 300 3
300 301 3
300 304 3
300 316 4
300 319 3
300 325 3
300 381 4
300 386 2
300 387 3
300 393 3
300 396 2
300 405 3
300 407 2
300 412 2
300 421 4
300 448 2
300 464 4
300 469 4
300 471 3
300 472 2
300 475 3
300 476 2
300 479 4
300 498 4
300 509 3
300 514 4
300 517 3
300 522 2
300 529 3
300 531 4
300 535 3
300 553 2
300 559 2
300 568 3
300 569 2
300 584 2
300 611 3
300 619 3
300 639 3
300 640 3
300 660 3
300 662 3
300 665 2
300 699 3
300 709 3
300 714 3
300 721 2
300 729 3
300 735 3
300 739 3
300 742 3
300 762 3
300 768 2
300 775 3
300 780 2
300 781 3
300 815 3
300 821 2
300 827 2
300 836 3
300 845 3
300 930 2
300 964 3
300 971 3
300 988 1
300 996 1
